survey_name,interview_date,satis_score,ease_score,likely_recomm,login_rating,nav_rating,web_rating,func_rating,features_rating,security_rating,dept_org_unit,prod_type,age
Digital Banking,1/9/2020,7,7,10,7,7,7,7,7,7,CB ,Deposits,74
Digital Banking,1/14/2020,7,7,10,7,7,7,7,7,7,CB ,Deposits,66
Digital Banking,1/14/2020,6,7,10,6,7,7,4,7,7,CB ,Deposits,82
Digital Banking,1/14/2020,5,6,9,4,3,5,6,3,5,CB ,Deposits,69
Digital Banking,1/14/2020,7,7,10,7,7,7,7,7,7,CB ,Deposits,55
Digital Banking,1/14/2020,5,6,9,6,6,6,5,6,6,CB ,Deposits,75
Digital Banking,1/14/2020,7,7,10,7,7,7,7,7,7,CB ,Deposits,66
Digital Banking,1/9/2020,7,7,10,7,7,7,7,7,7,CB ,Deposits,64
Digital Banking,1/6/2020,7,5,7,7,7,7,7,7,7,CB ,Loans,63
Digital Banking,1/7/2020,5,5,7,6,5,5,5,6,6,CB ,Deposits,63
Digital Banking,1/7/2020,7,7,10,7,7,7,7,7,7,CB ,Deposits,72
Digital Banking,1/7/2020,6,7,10,6,6,6,6,6,7,CB ,Deposits,37
Digital Banking,1/9/2020,5,6,8,6,6,6,6,5,6,CB ,Deposits,65
Digital Banking,1/13/2020,7,7,10,7,7,7,7,7,7,CB ,Deposits,63
Digital Banking,1/15/2020,7,7,10,7,7,7,7,7,7,CB ,Deposits,64
Digital Banking,1/10/2020,7,7,10,7,7,7,7,7,7,CB ,Loans,68
Digital Banking,1/9/2020,6,6,5,7,7,6,6,7,7,CB ,Deposits,33
Digital Banking,1/21/2020,6,6,9,7,7,6,7,7,6,CB ,Deposits,60
Digital Banking,1/9/2020,7,7,10,7,5,7,7,7,7,CB ,Deposits,68
Digital Banking,1/13/2020,4,5,5,2,2,4,2,4,6,CB ,Deposits,41
Digital Banking,1/13/2020,6,6,8,7,4,6,6,5,6,CB ,Deposits,44
Digital Banking,1/13/2020,6,5,6,6,5,6,6,6,6,CB ,Deposits,31
Digital Banking,1/13/2020,6,6,8,5,5,5,6,6,6,CB ,Deposits,67
Digital Banking,1/21/2020,6,6,9,7,6,6,6,7,7,CB ,Deposits,66
Digital Banking,1/2/2020,7,7,10,7,7,7,7,7,7,CB ,Deposits,59
Digital Banking,1/3/2020,7,7,10,7,7,6,7,7,7,CB ,Deposits,61
Digital Banking,1/3/2020,6,7,10,7,7,7,5,5,7,CB ,Deposits,56
Digital Banking,1/4/2020,4,6,7,7,5,5,4,6,7,CB ,Deposits,57
Digital Banking,1/2/2020,5,6,8,5,4,6,5,6,7,CB ,Deposits,75
Digital Banking,1/3/2020,5,5,7,4,4,4,4,5,5,CB ,Deposits,65
Digital Banking,1/3/2020,3,5,4,4,2,2,2,3,6,CB ,Deposits,20
Digital Banking,1/6/2020,7,7,10,7,7,7,7,7,7,BB ,Loans,62
Digital Banking,1/6/2020,7,7,10,7,7,7,7,6,6,CB ,Deposits,43
Digital Banking,1/9/2020,6,7,10,6,6,6,6,6,5,PB ,Deposits,66
Digital Banking,1/8/2020,2,4,5,6,3,3,4,4,7,CB ,Loans,57
Digital Banking,1/9/2020,7,7,10,7,7,7,7,7,7,CB ,Deposits,61
Digital Banking,1/7/2020,6,6,10,7,6,6,6,7,6,CB ,Deposits,65
Digital Banking,1/7/2020,7,7,10,7,7,5,5,7,7,CB ,Deposits,48
Digital Banking,1/7/2020,5,5,6,5,5,2,4,5,5,CB ,Deposits,84
Digital Banking,1/7/2020,5,5,7,7,4,5,4,5,6,CB ,Loans,36
Digital Banking,1/7/2020,3,4,10,1,1,1,2,4,1,PB ,Deposits,77
Digital Banking,1/10/2020,7,7,10,7,7,7,7,7,7,CB ,Deposits,73
Digital Banking,1/10/2020,5,7,10,7,4,3,2,5,5,CB ,Deposits,74
Digital Banking,1/10/2020,7,7,10,7,7,7,7,7,7,CB ,Deposits,86
Digital Banking,1/10/2020,6,7,10,6,6,6,6,6,7,PB ,Deposits,76
Digital Banking,1/27/2020,4,7,7,2,6,6,2,4,7,CB ,Deposits,62
Digital Banking,1/28/2020,4,6,9,4,6,6,6,6,4,CB ,Deposits,78
Digital Banking,1/29/2020,7,7,9,7,7,7,7,7,7,CB ,Deposits,81
Digital Banking,1/23/2020,6,7,9,7,6,6,6,7,7,CB ,Deposits,64
Digital Banking,1/23/2020,7,7,10,7,7,7,7,7,7,CB ,Loans,47
Digital Banking,1/3/2020,7,7,10,7,6,7,7,7,7,CB ,Deposits,72
Digital Banking,1/6/2020,4,5,5,6,4,4,4,5,4,PB ,Deposits,42
Digital Banking,1/6/2020,7,7,10,7,7,7,7,7,7,CB ,Deposits,60
Digital Banking,1/7/2020,4,6,10,2,1,6,2,2,6,CB ,Deposits,73
Digital Banking,1/23/2020,7,7,10,7,7,7,7,7,7,BB ,Loans,60
Digital Banking,1/24/2020,5,6,10,7,5,6,7,7,7,CB ,Deposits,57
Digital Banking,1/24/2020,7,7,10,7,7,7,7,7,7,CB ,Deposits,71
Digital Banking,1/27/2020,6,6,10,7,7,7,7,6,6,CB ,Deposits,75
Digital Banking,1/6/2020,6,6,9,6,6,6,6,6,6,CB ,Deposits,74
Digital Banking,1/12/2020,3,7,10,5,5,4,3,4,5,CB ,Deposits,61
Digital Banking,1/13/2020,4,4,4,4,4,4,4,4,5,CB ,Deposits,66
Digital Banking,1/24/2020,7,7,10,7,7,7,7,7,7,CB ,Deposits,69
Digital Banking,1/24/2020,6,6,9,6,6,6,6,6,7,CB ,Deposits,72
Digital Banking,1/25/2020,4,4,6,5,4,4,4,4,6,CB ,Deposits,65
Digital Banking,1/25/2020,7,7,10,7,7,7,7,7,7,CB ,Deposits,82
Digital Banking,1/25/2020,6,7,10,7,7,7,7,5,7,CB ,Deposits,75
Digital Banking,1/26/2020,5,7,9,5,5,5,5,6,7,PB ,Deposits,78
Digital Banking,1/10/2020,7,7,10,7,7,7,7,7,7,CB ,Deposits,73
Digital Banking,1/15/2020,7,7,10,7,5,6,6,7,7,CB ,Deposits,72
Digital Banking,1/15/2020,5,7,9,7,5,6,6,6,7,PB ,Loans,59
Digital Banking,1/15/2020,5,2,4,6,6,6,3,5,5,CB ,Loans,56
Digital Banking,1/25/2020,7,7,10,7,7,7,7,7,7,CB ,Deposits,57
Digital Banking,1/17/2020,3,7,10,2,2,5,4,3,6,CB ,Deposits,50
Digital Banking,1/27/2020,6,6,10,7,6,7,7,6,7,CB ,Deposits,32
Digital Banking,1/10/2020,7,7,10,7,6,7,7,7,7,CB ,Deposits,72
Digital Banking,1/22/2020,1,4,5,4,4,4,1,1,7,CB ,Loans,71
Digital Banking,1/17/2020,4,5,6,6,5,5,5,5,5,CB ,Deposits,32
Digital Banking,1/15/2020,2,7,10,3,4,7,2,3,7,CB ,Loans,73
Digital Banking,1/15/2020,7,7,10,7,7,7,7,7,7,CB ,Deposits,63
Digital Banking,1/23/2020,7,7,10,7,7,7,7,7,7,CB ,Deposits,60
Digital Banking,1/24/2020,7,7,10,7,7,7,7,7,7,CB ,Deposits,69
Digital Banking,1/24/2020,6,6,9,7,7,7,6,5,7,CB ,Deposits,68
Digital Banking,1/28/2020,5,3,2,4,4,2,2,3,5,BB ,Deposits,71
Digital Banking,1/23/2020,5,7,8,7,7,3,4,7,7,CB ,Deposits,24
Digital Banking,1/23/2020,5,7,10,7,7,7,1,4,7,CB ,Deposits,58
Digital Banking,1/18/2020,3,5,8,6,5,5,5,1,6,BB ,Deposits,65
Digital Banking,2/12/2020,7,7,9,7,7,7,7,7,7,CB ,Deposits,59
Digital Banking,2/11/2020,2,4,4,1,1,3,1,1,3,PB ,Deposits,71
Digital Banking,2/6/2020,6,6,8,6,6,6,6,6,6,CB ,Loans,67
Digital Banking,2/6/2020,6,4,3,3,3,3,3,3,5,CB ,Loans,85
Digital Banking,2/11/2020,7,7,10,7,7,7,7,7,7,CB ,Deposits,50
Digital Banking,2/7/2020,7,7,10,7,7,7,7,7,7,CB ,Deposits,84
Digital Banking,2/12/2020,5,6,8,6,6,6,6,6,6,CB ,Deposits,83
Digital Banking,2/3/2020,2,4,6,6,1,5,5,4,6,CB ,Loans,62
Digital Banking,2/19/2020,7,7,10,7,7,7,7,7,7,CB ,Deposits,76
Digital Banking,2/19/2020,6,7,10,6,6,6,6,7,7,CB ,Deposits,64
Digital Banking,2/19/2020,7,7,9,6,6,5,6,6,6,CB ,Deposits,65
Digital Banking,2/10/2020,6,6,9,6,6,6,6,7,6,CB ,Deposits,62
Digital Banking,2/17/2020,6,7,7,6,6,6,6,6,6,CB ,Deposits,51
Digital Banking,2/14/2020,6,6,9,5,5,5,7,5,7,CB ,Deposits,57
Digital Banking,2/21/2020,5,6,9,7,7,3,7,7,7,CB ,Deposits,43
Digital Banking,2/21/2020,4,7,10,5,4,4,4,4,6,PB ,Deposits,68
Digital Banking,2/13/2020,4,7,10,6,4,6,6,5,7,CB ,Deposits,81
Digital Banking,2/14/2020,7,7,10,7,7,7,6,7,7,CB ,Deposits,80
Digital Banking,2/15/2020,5,6,9,7,7,6,6,4,6,CB ,Deposits,48
Digital Banking,2/13/2020,6,6,7,6,3,4,6,6,5,CB ,Deposits,69
Digital Banking,2/13/2020,5,6,8,6,5,3,6,5,5,CB ,Deposits,46
Digital Banking,2/14/2020,6,6,9,6,6,6,5,6,6,CB ,Deposits,74
Digital Banking,2/5/2020,6,6,9,5,5,6,5,5,5,CB ,Deposits,69
Digital Banking,2/5/2020,7,7,10,7,6,6,7,7,7,CB ,Loans,67
Digital Banking,2/5/2020,2,7,10,2,2,2,3,3,7,CB ,Deposits,77
Digital Banking,2/6/2020,6,7,10,7,7,6,7,7,7,CB ,Deposits,66
Digital Banking,2/6/2020,6,7,10,7,7,5,6,7,7,CB ,Deposits,62
Digital Banking,2/7/2020,7,7,10,7,7,7,7,7,7,CB ,Deposits,87
Digital Banking,2/4/2020,5,4,7,2,3,2,5,5,5,CB ,Deposits,46
Digital Banking,2/4/2020,2,7,10,1,1,1,1,1,1,CB ,Deposits,74
Digital Banking,2/4/2020,7,7,10,7,7,7,7,7,7,CB ,Deposits,72
Digital Banking,2/4/2020,3,7,10,5,5,5,2,6,4,CB ,Deposits,56
Digital Banking,2/7/2020,6,7,10,7,6,6,7,7,7,CB ,Deposits,30
Digital Banking,2/19/2020,7,7,10,7,7,7,7,7,7,CB ,Deposits,62
Digital Banking,2/7/2020,7,7,10,7,7,7,7,7,7,CB ,Deposits,72
Digital Banking,2/6/2020,7,6,10,6,5,6,6,7,7,CB ,Deposits,85
Digital Banking,2/6/2020,5,7,10,3,4,5,5,5,5,CB ,Deposits,66
Digital Banking,2/7/2020,3,7,5,1,2,1,4,1,5,CB ,Deposits,66
Digital Banking,2/7/2020,6,6,9,6,6,6,6,6,6,CB ,Deposits,68
Digital Banking,2/24/2020,5,5,8,5,5,5,5,4,6,CB ,Loans,58
Digital Banking,2/21/2020,7,7,10,6,6,6,7,7,7,CB ,Loans,69
Digital Banking,2/24/2020,7,7,10,7,7,7,7,7,7,CB ,Deposits,24
Digital Banking,2/18/2020,6,6,9,6,6,6,6,6,6,CB ,Deposits,66
Digital Banking,2/19/2020,7,7,10,7,7,7,7,7,7,CB ,Deposits,83
Digital Banking,2/21/2020,7,7,10,7,7,7,7,7,7,CB ,Deposits,80
Digital Banking,2/21/2020,6,6,9,7,5,5,5,5,6,CB ,Deposits,57
Digital Banking,2/21/2020,7,7,10,7,7,7,7,7,7,CB ,Deposits,69
Digital Banking,2/21/2020,7,7,10,7,7,7,7,7,7,CB ,Deposits,32
Digital Banking,2/21/2020,6,7,10,7,7,6,5,7,7,PB ,Deposits,71
Digital Banking,2/21/2020,6,7,10,6,6,6,7,7,7,CB ,Deposits,64
Digital Banking,2/20/2020,7,7,10,7,7,7,7,7,7,CB ,Deposits,79
Digital Banking,2/20/2020,5,6,8,4,4,4,5,4,6,CB ,Deposits,55
Digital Banking,2/20/2020,4,5,9,5,4,4,4,5,5,CB ,Deposits,66
Digital Banking,2/21/2020,6,6,9,7,7,7,7,7,7,CB ,Deposits,62
Digital Banking,2/21/2020,6,6,8,6,6,5,5,6,6,CB ,Deposits,69
Digital Banking,2/21/2020,7,7,10,7,7,7,7,7,7,CB ,Deposits,63
Digital Banking,2/21/2020,6,7,9,7,7,5,7,7,7,CB ,Deposits,59
Digital Banking,2/20/2020,7,7,10,7,7,7,6,6,7,CB ,Loans,63
Digital Banking,2/24/2020,5,6,8,6,5,4,5,5,5,CB ,Deposits,48
Digital Banking,2/13/2020,7,7,10,7,7,7,7,7,7,CB ,Deposits,71
Digital Banking,2/19/2020,6,6,10,6,5,6,6,6,6,PB ,Deposits,71
Digital Banking,2/20/2020,7,5,8,6,6,4,5,5,7,CB ,Deposits,36
Digital Banking,2/13/2020,2,1,0,2,2,2,2,2,1,PB ,Deposits,39
Digital Banking,2/13/2020,4,3,3,7,7,7,1,1,7,CB ,Loans,39
Digital Banking,2/13/2020,7,7,10,7,6,7,7,6,7,CB ,Deposits,73
Digital Banking,2/13/2020,7,7,10,7,7,7,7,7,7,CB ,Deposits,75
Digital Banking,2/13/2020,1,4,5,6,6,6,1,1,7,CB ,Deposits,28
Digital Banking,2/13/2020,6,6,9,6,6,6,6,6,6,CB ,Deposits,61
Digital Banking,2/25/2020,6,5,7,5,4,6,6,5,7,CB ,Deposits,71
Digital Banking,2/10/2020,5,6,7,6,5,6,6,6,6,CB ,Deposits,68
Digital Banking,2/13/2020,7,7,9,7,7,7,7,7,7,CB ,Deposits,67
Digital Banking,2/14/2020,2,4,4,6,1,4,4,3,6,CB ,Deposits,58
Digital Banking,2/14/2020,6,4,7,6,4,5,3,5,6,CB ,Deposits,69
Digital Banking,2/13/2020,7,7,10,5,6,6,7,7,7,CB ,Loans,54
Digital Banking,2/20/2020,6,7,10,7,7,7,7,7,7,CB ,Deposits,49
Digital Banking,2/21/2020,6,7,10,7,6,6,7,7,7,CB ,Loans,78
Digital Banking,2/20/2020,5,6,8,6,5,6,6,6,6,CB ,Deposits,56
Digital Banking,2/24/2020,7,7,9,7,7,7,7,7,7,CB ,Deposits,74
Digital Banking,2/10/2020,7,7,10,6,6,7,6,7,7,CB ,Deposits,68
Digital Banking,2/7/2020,6,7,10,7,6,6,7,7,7,CB ,Loans,77
Digital Banking,2/7/2020,6,7,10,7,7,6,6,6,6,CB ,Deposits,57
Digital Banking,2/8/2020,6,7,10,7,7,7,7,7,7,CB ,Deposits,75
Digital Banking,2/8/2020,7,7,10,7,7,7,7,7,7,CB ,Deposits,72
Digital Banking,2/9/2020,6,6,9,6,6,4,5,6,7,CB ,Loans,57
Digital Banking,3/9/2020,7,7,10,7,7,7,7,7,7,CB ,Deposits,80
Digital Banking,3/6/2020,6,7,10,6,3,6,6,6,6,CB ,Deposits,48
Digital Banking,3/9/2020,6,6,7,7,5,6,6,6,6,BB ,Deposits,61
Digital Banking,3/20/2020,7,7,10,7,7,6,6,7,7,CB ,Deposits,86
Digital Banking,3/12/2020,7,7,10,7,7,7,7,7,7,CB ,Deposits,65
Digital Banking,3/6/2020,7,7,10,7,6,6,6,6,7,CB ,Deposits,82
Digital Banking,3/12/2020,6,7,10,7,6,7,7,4,7,CB ,Deposits,79
Digital Banking,3/17/2020,7,7,10,7,7,7,7,7,7,CB ,Deposits,69
Digital Banking,3/18/2020,7,7,10,7,6,6,7,7,7,CB ,Deposits,80
Digital Banking,3/6/2020,7,7,10,7,6,7,7,7,7,CB ,Loans,62
Digital Banking,3/12/2020,6,7,10,7,7,6,5,7,7,CB ,Deposits,59
Digital Banking,3/13/2020,7,7,10,7,7,6,7,7,7,CB ,Deposits,38
Digital Banking,3/11/2020,4,5,3,6,1,1,5,5,7,CB ,Deposits,59
Digital Banking,3/6/2020,6,6,9,6,7,5,6,7,7,CB ,Deposits,67
Digital Banking,3/16/2020,6,6,8,6,6,6,6,6,6,PB ,Loans,71
Digital Banking,3/16/2020,6,7,10,7,5,6,6,6,7,CB ,Deposits,69
Digital Banking,3/16/2020,4,6,7,3,3,6,6,6,7,CB ,Deposits,70
Digital Banking,3/6/2020,6,6,9,6,6,6,6,6,6,CB ,Deposits,65
Digital Banking,3/6/2020,7,7,10,7,7,7,7,7,7,CB ,Deposits,71
Digital Banking,3/6/2020,5,6,8,5,5,5,6,5,6,CB ,Deposits,58
Digital Banking,3/10/2020,7,7,10,7,7,7,7,7,7,CB ,Deposits,70
Digital Banking,3/17/2020,7,5,9,6,6,6,7,6,7,CB ,Deposits,66
Digital Banking,3/16/2020,6,7,10,7,4,4,4,6,7,CB ,Deposits,76
Digital Banking,3/3/2020,7,7,10,5,5,5,5,6,6,CB ,Deposits,69
Digital Banking,3/5/2020,7,7,10,7,7,7,7,7,7,CB ,Loans,56
Digital Banking,3/3/2020,6,7,10,7,7,7,7,7,7,BB ,Deposits,58
Digital Banking,3/2/2020,6,4,7,5,5,6,5,5,5,CB ,Deposits,92
Digital Banking,3/5/2020,1,4,0,1,4,4,4,5,6,CB ,Deposits,40
Digital Banking,3/9/2020,6,7,9,7,6,6,6,6,6,CB ,Deposits,78
Digital Banking,3/5/2020,7,7,10,6,6,6,6,6,6,CB ,Loans,67
Digital Banking,3/6/2020,7,6,10,7,7,7,7,7,7,CB ,Loans,67
Digital Banking,3/5/2020,7,7,10,7,7,7,7,7,7,CB ,Deposits,55
Digital Banking,3/5/2020,7,7,10,7,7,7,7,7,7,CB ,Deposits,46
Digital Banking,3/14/2020,7,7,10,7,7,4,7,7,7,CB ,Deposits,55
Digital Banking,3/4/2020,6,7,10,5,5,5,7,6,6,CB ,Deposits,81
Digital Banking,3/7/2020,7,7,10,7,7,7,7,7,7,CB ,Deposits,82
Digital Banking,3/8/2020,5,7,9,6,6,7,6,6,6,CB ,Deposits,62
Digital Banking,3/9/2020,6,6,9,5,5,6,6,6,6,PB ,Deposits,66
Digital Banking,3/12/2020,6,7,10,5,7,6,6,6,6,CB ,Deposits,72
Digital Banking,3/5/2020,7,7,10,7,7,7,7,7,7,BB ,Deposits,81
Digital Banking,3/3/2020,5,7,9,7,7,7,7,7,7,CB ,Deposits,49
Digital Banking,3/11/2020,5,6,9,5,5,5,5,5,6,CB ,Deposits,77
Digital Banking,3/4/2020,7,7,10,7,7,7,7,7,7,CB ,Deposits,70
Digital Banking,3/20/2020,7,7,10,7,6,6,6,6,7,CB ,Loans,77
Digital Banking,3/20/2020,5,6,9,7,7,6,5,6,7,CB ,Deposits,29
Digital Banking,3/20/2020,5,5,7,5,5,5,6,4,7,CB ,Deposits,60
Digital Banking,3/10/2020,7,7,10,7,7,7,7,7,7,CB ,Loans,72
Digital Banking,3/22/2020,6,6,9,6,7,7,6,7,7,CB ,Deposits,46
Digital Banking,3/25/2020,5,6,10,7,6,6,6,6,7,CB ,Deposits,64
Digital Banking,3/27/2020,5,6,9,6,5,6,5,6,7,CB ,Deposits,73
Digital Banking,3/25/2020,7,7,10,7,7,6,6,6,7,CB ,Deposits,65
Digital Banking,3/25/2020,6,5,8,6,4,4,5,5,5,CB ,Deposits,71
Digital Banking,3/27/2020,7,7,10,7,7,7,7,7,7,PB ,Deposits,71
Digital Banking,3/26/2020,6,6,9,6,6,6,6,6,6,CB ,Deposits,49
Digital Banking,3/25/2020,5,6,8,5,5,3,4,5,6,CB ,Deposits,50
Digital Banking,3/5/2020,7,7,10,7,7,7,7,7,7,CB ,Deposits,62
Digital Banking,3/27/2020,7,7,9,7,7,6,6,7,7,CB ,Deposits,75
Digital Banking,3/27/2020,6,7,10,6,7,6,6,7,7,CB ,Deposits,67
Digital Banking,3/28/2020,7,7,10,7,7,7,7,7,7,CB ,Deposits,44
Digital Banking,3/17/2020,7,7,10,7,7,7,7,7,7,PB ,Deposits,72
Digital Banking,3/23/2020,6,7,9,6,6,7,7,7,7,BB ,Deposits,71
Digital Banking,3/24/2020,7,7,10,7,7,7,6,6,7,CB ,Deposits,57
Digital Banking,3/24/2020,7,7,10,7,6,7,6,6,7,CB ,Deposits,71
Digital Banking,3/24/2020,7,7,10,7,7,7,6,7,7,CB ,Loans,72
Digital Banking,3/24/2020,7,7,10,7,7,7,7,7,7,CB ,Deposits,73
Digital Banking,3/12/2020,7,4,8,7,7,7,7,7,7,BB ,Deposits,63
Digital Banking,3/12/2020,7,7,10,7,7,7,7,7,7,CB ,Deposits,69
Digital Banking,3/12/2020,7,7,10,7,7,7,7,7,7,CB ,Deposits,77
Digital Banking,3/13/2020,7,7,10,6,6,6,6,7,7,BB ,Deposits,69
Digital Banking,3/13/2020,7,7,10,7,7,7,6,7,7,CB ,Deposits,80
Digital Banking,3/4/2020,6,6,9,6,6,6,6,6,6,CB ,Deposits,62
Digital Banking,3/4/2020,6,6,9,7,7,7,7,7,7,CB ,Deposits,52
Digital Banking,3/24/2020,5,7,10,5,6,7,5,6,6,CB ,Deposits,71
Digital Banking,3/25/2020,7,5,9,7,7,7,5,7,7,CB ,Deposits,45
Digital Banking,3/25/2020,7,7,10,7,7,7,7,7,7,CB ,Deposits,56
Digital Banking,3/18/2020,5,6,8,6,6,5,5,6,6,PB ,Deposits,60
Digital Banking,3/14/2020,7,7,10,7,7,7,7,7,7,CB ,Loans,56
Digital Banking,3/24/2020,5,5,8,3,3,3,3,4,4,BB ,Deposits,79
Digital Banking,3/24/2020,7,7,10,7,7,7,7,7,7,CB ,Deposits,72
Digital Banking,3/13/2020,7,7,10,7,7,7,7,7,7,CB ,Deposits,69
Digital Banking,3/24/2020,7,7,10,7,7,7,7,6,7,PB ,Deposits,48
Digital Banking,3/23/2020,2,3,2,4,5,6,1,2,4,CB ,Deposits,80
Digital Banking,3/16/2020,6,6,8,5,5,5,5,6,6,CB ,Loans,56
Digital Banking,3/18/2020,7,7,6,5,7,7,7,7,7,CB ,Deposits,66
Digital Banking,3/18/2020,7,7,10,7,7,7,7,7,7,CB ,Deposits,64
Digital Banking,3/18/2020,6,6,9,7,6,6,6,6,7,CB ,Deposits,81
Digital Banking,3/27/2020,7,7,10,7,7,7,6,7,7,CB ,Deposits,62
Digital Banking,4/3/2020,7,7,10,7,7,7,7,7,7,CB ,Deposits,72
Digital Banking,4/3/2020,7,7,10,7,6,6,6,6,7,PB ,Deposits,43
Digital Banking,4/3/2020,5,5,9,5,5,5,6,7,7,CB ,Deposits,63
Digital Banking,4/4/2020,6,7,10,6,6,6,6,6,6,CB ,Loans,68
Digital Banking,4/6/2020,2,5,5,7,6,5,7,7,7,CB ,Deposits,21
Digital Banking,4/6/2020,7,7,10,7,7,7,7,7,7,CB ,Deposits,47
Digital Banking,4/7/2020,5,5,6,5,4,5,6,6,7,CB ,Loans,59
Digital Banking,4/6/2020,7,7,10,7,7,7,7,7,7,CB ,Loans,60
Digital Banking,4/6/2020,7,7,10,7,7,7,7,7,7,CB ,Deposits,69
Digital Banking,4/6/2020,7,7,10,7,7,7,7,7,7,CB ,Loans,74
Digital Banking,4/6/2020,7,7,10,7,7,7,7,7,7,CB ,Deposits,37
Digital Banking,4/6/2020,5,5,7,6,3,7,6,5,5,CB ,Deposits,82
Digital Banking,4/8/2020,6,7,8,7,6,7,6,7,6,PB ,Loans,80
Digital Banking,4/8/2020,7,7,9,7,7,7,7,7,7,CB ,Deposits,79
Digital Banking,4/7/2020,5,7,10,6,3,5,6,5,6,CB ,Deposits,79
Digital Banking,4/7/2020,7,7,10,7,7,7,5,5,7,PB ,Deposits,59
Digital Banking,4/9/2020,6,7,9,7,7,6,6,6,7,CB ,Deposits,88
Digital Banking,4/7/2020,7,7,10,7,7,7,7,7,7,PB ,Deposits,74
Digital Banking,4/7/2020,6,7,9,6,6,7,7,6,6,CB ,Deposits,60
Digital Banking,4/8/2020,7,7,10,7,7,7,7,7,7,CB ,Loans,52
Digital Banking,4/7/2020,7,7,10,6,6,6,7,7,7,CB ,Deposits,70
Digital Banking,4/7/2020,7,7,10,7,7,5,5,7,7,CB ,Loans,70
Digital Banking,4/8/2020,3,5,6,2,1,3,3,3,2,CB ,Deposits,72
Digital Banking,4/9/2020,7,7,10,6,6,6,6,7,7,CB ,Deposits,72
Digital Banking,4/9/2020,7,7,10,6,7,7,6,7,7,CB ,Deposits,64
Digital Banking,4/11/2020,7,7,10,7,7,7,7,7,7,CB ,Deposits,66
Digital Banking,4/10/2020,7,7,10,7,7,7,7,7,7,CB ,Deposits,67
Digital Banking,4/17/2020,5,5,9,6,4,3,5,6,6,CB ,Deposits,76
Digital Banking,4/13/2020,5,7,10,7,6,5,6,7,7,CB ,Deposits,56
Digital Banking,4/16/2020,4,5,5,4,4,5,4,4,6,CB ,Deposits,21
Digital Banking,4/14/2020,1,2,0,1,1,1,1,1,1,CB ,Loans,52
Digital Banking,4/16/2020,7,7,10,7,7,7,7,7,7,CB ,Deposits,53
Digital Banking,4/14/2020,6,6,8,6,5,5,6,6,6,CB ,Deposits,32
Digital Banking,4/13/2020,7,7,10,7,7,7,7,7,7,CB ,Deposits,57
Digital Banking,4/17/2020,6,7,10,7,7,7,7,7,7,CB ,Deposits,50
Digital Banking,4/13/2020,7,7,10,6,6,6,6,7,7,BB ,Deposits,73
Digital Banking,4/13/2020,7,7,10,7,6,6,6,6,7,CB ,Deposits,63
Digital Banking,4/16/2020,1,3,2,5,4,5,2,2,5,CB ,Loans,53
Digital Banking,4/16/2020,7,7,10,7,7,6,7,7,7,CB ,Deposits,66
Digital Banking,4/16/2020,7,7,10,7,7,7,7,7,7,CB ,Deposits,68
Digital Banking,4/13/2020,7,7,10,7,7,7,7,7,7,CB ,Deposits,67
Digital Banking,4/13/2020,7,7,10,7,7,7,7,7,7,CB ,Deposits,52
Digital Banking,4/14/2020,7,7,10,7,7,7,7,7,7,CB ,Deposits,57
Digital Banking,4/14/2020,7,7,10,7,7,7,7,7,7,CB ,Deposits,75
Digital Banking,4/16/2020,6,7,9,6,6,4,6,6,6,PB ,Deposits,39
Digital Banking,4/14/2020,7,7,10,6,7,6,6,7,7,CB ,Deposits,62
Digital Banking,4/14/2020,6,7,10,7,7,6,7,7,7,CB ,Deposits,63
Digital Banking,4/16/2020,7,7,10,7,7,7,7,7,7,CB ,Deposits,73
Digital Banking,4/16/2020,7,7,10,7,7,7,7,7,7,CB ,Loans,72
Digital Banking,4/16/2020,6,7,10,6,6,7,6,7,7,CB ,Deposits,64
Digital Banking,4/15/2020,4,6,10,5,4,6,6,5,6,CB ,Loans,66
Digital Banking,4/15/2020,3,6,8,6,3,5,3,6,6,CB ,Deposits,49
Digital Banking,4/15/2020,7,7,9,7,7,7,6,7,7,CB ,Deposits,75
Digital Banking,4/15/2020,7,7,10,7,7,7,7,7,7,PB ,Loans,70
Digital Banking,4/17/2020,6,7,10,7,7,5,6,6,6,CB ,Deposits,67
Digital Banking,4/17/2020,7,7,10,7,7,7,4,5,7,CB ,Deposits,72
Digital Banking,4/16/2020,7,7,10,7,7,7,7,7,7,CB ,Deposits,72
Digital Banking,4/16/2020,7,7,10,7,7,7,7,7,7,CB ,Deposits,71
Digital Banking,4/16/2020,7,7,10,6,7,7,7,7,7,CB ,Deposits,78
Digital Banking,4/16/2020,6,7,10,6,6,6,6,6,7,CB ,Deposits,72
Digital Banking,4/16/2020,7,7,10,5,5,5,7,7,7,CB ,Deposits,80
Digital Banking,4/21/2020,6,6,10,5,5,3,6,6,6,CB ,Deposits,71
Digital Banking,4/20/2020,6,7,10,6,6,3,6,6,6,CB ,Deposits,63
Digital Banking,4/21/2020,7,7,10,7,7,7,6,7,7,CB ,Deposits,60
Digital Banking,4/26/2020,7,7,5,7,7,6,7,7,7,BB ,Deposits,62
Digital Banking,4/22/2020,7,7,10,7,7,7,7,7,7,CB ,Loans,65
Digital Banking,4/21/2020,7,7,10,7,7,7,5,7,7,PB ,Loans,52
Digital Banking,4/21/2020,1,3,2,4,1,3,2,3,5,CB ,Deposits,19
Digital Banking,4/21/2020,7,7,10,7,7,7,7,7,7,CB ,Deposits,21
Digital Banking,4/22/2020,6,6,9,7,6,1,7,6,6,CB ,Deposits,79
Digital Banking,4/23/2020,5,5,6,5,5,5,5,5,5,CB ,Deposits,68
Digital Banking,4/23/2020,4,4,5,5,5,5,3,5,5,PB ,Loans,68
Digital Banking,4/24/2020,5,7,10,6,5,7,6,6,6,CB ,Deposits,55
Digital Banking,4/23/2020,7,7,10,7,7,5,5,7,7,CB ,Deposits,19
Digital Banking,4/27/2020,7,6,6,5,5,4,4,5,5,CB ,Loans,65
Digital Banking,4/28/2020,7,7,10,7,7,7,7,7,7,CB ,Deposits,62
Digital Banking,4/27/2020,7,4,5,1,4,1,1,1,1,CB ,Deposits,43
Digital Banking,4/28/2020,1,2,1,1,1,2,1,1,2,PB ,Deposits,81
Digital Banking,4/28/2020,6,6,8,6,6,6,5,6,7,CB ,Deposits,65
Digital Banking,5/1/2020,7,7,10,7,7,7,7,7,7,CB ,Deposits,52
Digital Banking,5/1/2020,7,7,10,6,6,7,6,6,6,PB ,Loans,59
Digital Banking,5/1/2020,7,7,10,7,7,7,7,7,7,CB ,Deposits,64
Digital Banking,5/1/2020,7,7,10,7,7,7,7,7,7,CB ,Deposits,68
Digital Banking,5/5/2020,7,7,10,7,7,7,6,7,7,CB ,Deposits,78
Digital Banking,5/5/2020,7,7,10,7,7,7,7,7,7,CB ,Deposits,84
Digital Banking,5/5/2020,7,7,10,7,6,7,7,7,7,CB ,Deposits,75
Digital Banking,5/5/2020,7,7,10,6,6,7,6,6,6,CB ,Deposits,84
Digital Banking,5/6/2020,7,7,10,7,7,7,7,7,7,CB ,Loans,74
Digital Banking,5/7/2020,7,7,10,7,7,7,7,7,7,CB ,Deposits,70
Digital Banking,5/6/2020,4,5,9,7,5,7,6,5,7,PB ,Deposits,92
Digital Banking,5/6/2020,7,7,10,7,5,7,5,6,7,CB ,Deposits,58
Digital Banking,5/6/2020,6,7,10,7,7,5,5,7,7,CB ,Loans,70
Digital Banking,5/5/2020,3,2,1,3,1,2,4,3,4,CB ,Deposits,44
Digital Banking,5/6/2020,7,7,10,7,7,6,7,7,7,CB ,Deposits,66
Digital Banking,5/6/2020,6,5,6,7,4,6,6,6,6,CB ,Deposits,59
Digital Banking,5/7/2020,7,7,10,7,6,7,7,7,7,CB ,Deposits,76
Digital Banking,5/8/2020,6,6,8,6,6,6,4,6,7,CB ,Loans,67
Digital Banking,5/7/2020,2,1,0,1,1,1,1,1,5,PB ,Loans,61
Digital Banking,5/8/2020,6,6,10,6,5,5,6,6,6,PB ,Deposits,69
Digital Banking,5/7/2020,6,6,5,6,4,4,5,6,7,CB ,Deposits,56
Digital Banking,5/10/2020,7,6,10,7,7,7,6,6,6,CB ,Deposits,66
Digital Banking,5/9/2020,7,7,10,7,7,7,7,7,7,CB ,Deposits,26
Digital Banking,5/8/2020,4,6,7,7,6,6,5,6,7,CB ,Deposits,62
Digital Banking,5/12/2020,5,4,5,5,3,4,4,4,4,CB ,Deposits,72
Digital Banking,5/11/2020,7,7,10,7,7,4,4,7,7,CB ,Deposits,81
Digital Banking,5/11/2020,7,7,10,7,6,7,7,7,7,CB ,Deposits,60
Digital Banking,5/12/2020,7,7,10,7,7,7,7,7,7,CB ,Deposits,76
Digital Banking,5/11/2020,7,7,10,7,7,7,7,7,7,CB ,Deposits,78
Digital Banking,5/11/2020,7,7,10,7,7,7,7,7,7,CB ,Deposits,73
Digital Banking,5/12/2020,6,7,10,7,6,6,7,7,7,CB ,Deposits,55
Digital Banking,5/12/2020,7,7,10,7,7,5,7,7,7,PB ,Deposits,47
Digital Banking,5/12/2020,4,6,7,5,5,5,5,5,5,CB ,Deposits,78
Digital Banking,5/12/2020,5,5,6,4,5,2,4,5,5,CB ,Deposits,75
Digital Banking,5/13/2020,7,7,10,7,7,7,7,7,7,CB ,Deposits,76
Digital Banking,5/14/2020,5,5,6,5,5,5,5,6,5,CB ,Deposits,89
Digital Banking,5/15/2020,4,4,9,7,5,7,3,7,7,CB ,Deposits,53
Digital Banking,5/13/2020,7,7,10,1,6,6,6,7,7,CB ,Deposits,63
Digital Banking,5/13/2020,7,7,8,7,7,7,7,7,7,CB ,Deposits,69
Digital Banking,5/14/2020,7,7,10,7,7,7,7,7,7,CB ,Deposits,77
Digital Banking,5/14/2020,7,7,10,7,7,7,7,7,7,CB ,Deposits,62
Digital Banking,5/14/2020,7,7,10,7,7,7,7,7,7,CB ,Deposits,54
Digital Banking,5/16/2020,7,7,0,7,7,7,7,7,7,CB ,Deposits,57
Digital Banking,5/15/2020,7,7,10,7,7,7,7,7,7,CB ,Loans,58
Digital Banking,5/15/2020,4,6,9,4,4,4,3,4,6,CB ,Loans,72
Digital Banking,5/15/2020,7,7,10,7,7,7,7,7,7,CB ,Deposits,71
Digital Banking,5/15/2020,5,7,10,7,7,7,5,7,7,CB ,Deposits,67
Digital Banking,5/15/2020,7,7,10,7,7,7,7,7,7,CB ,Deposits,48
Digital Banking,5/19/2020,4,4,7,3,3,6,4,3,7,BB ,Deposits,66
Digital Banking,5/19/2020,7,7,10,7,7,7,7,7,7,CB ,Deposits,70
Digital Banking,5/19/2020,5,7,10,7,5,5,5,5,7,CB ,Deposits,32
Digital Banking,5/19/2020,5,7,9,7,7,6,6,5,6,CB ,Deposits,71
Digital Banking,5/21/2020,6,6,7,5,7,7,7,7,7,CB ,Deposits,62
Digital Banking,5/21/2020,7,7,10,7,7,7,7,7,7,CB ,Deposits,69
Digital Banking,5/20/2020,3,7,10,3,3,6,6,7,7,CB ,Deposits,79
Digital Banking,5/21/2020,6,6,7,6,6,6,6,6,6,CB ,Deposits,69
Digital Banking,5/22/2020,6,7,10,6,5,5,6,6,7,CB ,Deposits,74
Digital Banking,5/20/2020,4,6,9,6,5,6,6,6,7,CB ,Deposits,67
Digital Banking,5/20/2020,7,7,10,7,7,7,7,7,7,CB ,Deposits,66
Digital Banking,5/20/2020,7,7,10,7,7,6,7,7,7,BB ,Loans,51
Digital Banking,5/22/2020,6,6,10,6,6,6,7,7,7,CB ,Deposits,79
Digital Banking,5/21/2020,7,7,10,7,7,7,4,5,7,CB ,Deposits,35
Digital Banking,5/22/2020,7,6,8,7,7,7,7,7,7,CB ,Deposits,39
Digital Banking,5/21/2020,7,7,10,7,7,7,7,7,7,CB ,Deposits,58
Digital Banking,5/21/2020,7,7,10,7,7,7,7,7,7,CB ,Deposits,62
Digital Banking,5/23/2020,5,6,9,7,7,7,7,7,7,CB ,Loans,61
Digital Banking,5/22/2020,7,7,9,7,7,7,6,6,7,CB ,Deposits,52
Digital Banking,5/26/2020,7,7,10,7,7,6,7,7,7,CB ,Deposits,69
Digital Banking,5/24/2020,6,7,10,7,6,6,6,6,6,CB ,Deposits,73
Digital Banking,5/26/2020,5,6,8,6,6,6,6,6,6,CB ,Deposits,68
Digital Banking,5/26/2020,6,7,10,6,6,6,7,6,6,CB ,Deposits,70
Digital Banking,5/26/2020,6,7,10,7,6,6,6,7,5,CB ,Deposits,72
Digital Banking,5/26/2020,6,6,6,6,6,6,5,6,6,CB ,Deposits,68
Digital Banking,5/28/2020,7,7,10,7,7,7,7,7,7,CB ,Loans,55
Digital Banking,5/28/2020,7,7,9,7,6,6,6,7,7,CB ,Deposits,93
Digital Banking,5/28/2020,1,6,10,4,1,1,1,1,4,CB ,Deposits,69
Digital Banking,5/29/2020,7,7,10,7,7,7,7,7,7,CB ,Deposits,66
Digital Banking,5/28/2020,7,7,10,7,7,7,7,7,7,CB ,Loans,46
Digital Banking,6/1/2020,4,7,5,4,5,4,4,4,1,CB ,Deposits,48
Digital Banking,6/2/2020,7,7,10,5,5,5,5,7,7,CB ,Deposits,59
Digital Banking,6/1/2020,6,6,8,6,6,6,6,6,6,CB ,Deposits,68
Digital Banking,6/3/2020,4,6,5,4,4,6,2,3,5,CB ,Deposits,72
Digital Banking,6/3/2020,6,7,10,6,5,6,5,5,5,CB ,Deposits,64
Digital Banking,6/4/2020,7,7,10,7,7,7,7,7,7,CB ,Deposits,84
Digital Banking,6/4/2020,7,7,10,7,7,7,6,7,7,CB ,Deposits,72
Digital Banking,6/4/2020,6,6,8,6,6,2,3,6,3,CB ,Deposits,75
Digital Banking,6/2/2020,5,6,9,6,5,6,4,5,6,PB ,Deposits,68
Digital Banking,6/2/2020,7,6,9,7,4,7,7,7,7,CB ,Deposits,58
Digital Banking,6/2/2020,7,7,10,7,7,7,7,7,7,CB ,Loans,59
Digital Banking,6/2/2020,5,7,10,4,5,5,6,5,7,CB ,Deposits,57
Digital Banking,6/4/2020,7,6,7,6,6,5,7,7,6,CB ,Deposits,55
Digital Banking,6/3/2020,6,7,10,7,6,6,7,5,7,CB ,Deposits,53
Digital Banking,6/3/2020,7,7,10,7,7,7,7,7,7,CB ,Deposits,64
Digital Banking,6/5/2020,7,7,10,7,7,7,7,7,7,CB ,Deposits,57
Digital Banking,6/4/2020,7,7,10,7,7,7,5,6,7,PB ,Deposits,75
Digital Banking,6/4/2020,7,7,10,7,7,7,7,7,7,CB ,Deposits,70
Digital Banking,6/5/2020,7,6,0,7,7,3,7,6,7,CB ,Deposits,66
Digital Banking,6/5/2020,4,4,4,3,6,5,6,7,7,CB ,Deposits,38
Digital Banking,6/5/2020,5,5,5,6,5,4,6,6,6,CB ,Deposits,34
Digital Banking,6/6/2020,6,6,9,7,4,6,6,4,7,CB ,Deposits,41
Digital Banking,6/5/2020,6,6,10,6,6,6,6,6,6,CB ,Deposits,72
Digital Banking,6/8/2020,6,7,8,7,7,6,7,7,7,CB ,Deposits,19
Digital Banking,6/8/2020,7,7,10,7,7,7,7,7,7,CB ,Deposits,68
Digital Banking,6/10/2020,7,7,10,5,6,4,4,6,7,BB ,Deposits,63
Digital Banking,6/9/2020,7,7,10,6,6,6,6,7,7,BB ,Deposits,62
Digital Banking,6/9/2020,5,6,9,6,6,5,7,6,6,CB ,Deposits,77
Digital Banking,6/10/2020,5,5,5,5,6,5,6,6,6,CB ,Deposits,51
Digital Banking,6/10/2020,7,7,10,7,7,7,7,7,7,CB ,Deposits,71
Digital Banking,6/11/2020,6,7,9,7,6,6,6,7,7,CB ,Deposits,87
Digital Banking,6/12/2020,7,6,10,7,5,7,6,6,6,CB ,Deposits,73
Digital Banking,6/11/2020,6,7,10,7,7,7,7,7,7,CB ,Deposits,65
Digital Banking,6/11/2020,5,6,9,7,3,5,6,5,7,CB ,Deposits,55
Digital Banking,6/11/2020,6,7,10,7,7,6,7,7,1,CB ,Deposits,67
Digital Banking,6/13/2020,7,7,10,7,7,7,7,7,7,CB ,Deposits,55
Digital Banking,6/13/2020,7,7,10,7,7,7,7,7,7,CB ,Deposits,77
Digital Banking,6/14/2020,7,7,10,7,7,7,7,7,7,CB ,Deposits,69
Digital Banking,6/12/2020,7,7,10,7,7,7,7,7,7,CB ,Loans,68
Digital Banking,6/13/2020,6,7,8,7,7,7,7,7,7,PB ,Loans,24
Digital Banking,6/13/2020,5,5,5,6,5,5,6,5,7,CB ,Deposits,52
Digital Banking,6/12/2020,5,6,9,5,5,4,6,5,6,CB ,Deposits,61
Digital Banking,6/16/2020,7,7,10,7,7,6,7,7,7,BB ,Deposits,64
Digital Banking,6/15/2020,7,7,10,7,7,5,6,7,7,CB ,Deposits,62
Digital Banking,6/15/2020,6,7,10,6,5,6,6,6,7,CB ,Deposits,73
Digital Banking,6/16/2020,7,7,10,7,7,7,7,7,7,CB ,Loans,52
Digital Banking,6/16/2020,7,7,10,7,7,7,7,7,7,CB ,Deposits,71
Digital Banking,6/18/2020,6,5,8,6,6,6,5,7,7,CB ,Deposits,52
Digital Banking,6/16/2020,7,7,10,7,7,7,5,7,7,CB ,Deposits,65
Digital Banking,6/17/2020,7,7,10,7,7,7,7,7,7,CB ,Deposits,76
Digital Banking,6/17/2020,4,5,6,5,4,5,2,4,4,CB ,Deposits,68
Digital Banking,6/18/2020,6,7,10,6,6,6,7,7,7,CB ,Deposits,70
Digital Banking,6/17/2020,5,5,7,6,4,6,2,4,6,CB ,Deposits,42
Digital Banking,6/17/2020,7,7,10,7,7,6,7,7,7,CB ,Deposits,67
Digital Banking,6/19/2020,7,7,10,7,7,6,7,7,7,CB ,Deposits,66
Digital Banking,6/19/2020,7,7,10,6,6,6,6,7,7,CB ,Deposits,54
Digital Banking,6/18/2020,7,7,10,7,7,7,3,7,7,CB ,Deposits,60
Digital Banking,6/18/2020,7,7,10,7,7,7,7,7,7,CB ,Deposits,73
Digital Banking,6/22/2020,6,6,7,6,6,6,6,6,6,CB ,Deposits,58
Digital Banking,6/20/2020,7,7,10,7,7,7,7,7,7,CB ,Loans,61
Digital Banking,6/19/2020,7,7,10,7,7,7,7,7,7,CB ,Deposits,41
Digital Banking,6/22/2020,4,5,8,5,5,1,5,5,5,CB ,Deposits,70
Digital Banking,6/22/2020,7,7,10,7,7,7,7,7,7,CB ,Deposits,85
Digital Banking,6/23/2020,7,7,10,7,6,7,7,7,7,CB ,Deposits,66
Digital Banking,6/24/2020,7,7,10,7,7,7,6,6,7,PB ,Loans,72
Digital Banking,6/23/2020,6,5,8,4,5,4,6,6,6,CB ,Deposits,68
Digital Banking,6/24/2020,7,7,10,7,7,7,7,7,7,CB ,Deposits,69
Digital Banking,6/23/2020,4,4,7,5,6,3,5,5,6,CB ,Deposits,66
Digital Banking,6/23/2020,7,7,10,7,7,7,7,7,7,CB ,Deposits,75
Digital Banking,6/24/2020,6,7,9,6,6,5,6,6,6,CB ,Deposits,63
Digital Banking,6/24/2020,6,6,9,6,6,5,5,5,6,CB ,Deposits,44
Digital Banking,6/24/2020,7,7,10,7,7,7,7,7,7,CB ,Loans,80
Digital Banking,6/24/2020,6,7,9,7,4,6,6,6,7,CB ,Deposits,66
Digital Banking,6/24/2020,6,7,10,7,7,7,7,7,7,CB ,Loans,66
Digital Banking,6/25/2020,7,6,10,7,7,7,6,7,7,CB ,Deposits,86
Digital Banking,6/25/2020,7,7,10,7,7,7,7,7,7,CB ,Deposits,66
Digital Banking,6/24/2020,7,7,10,7,7,7,7,7,7,CB ,Deposits,78
Digital Banking,6/24/2020,6,5,4,6,6,6,6,6,6,CB ,Deposits,59
Digital Banking,6/25/2020,4,6,9,7,6,6,4,4,6,PB ,Deposits,60
Digital Banking,6/26/2020,7,7,10,7,7,7,7,7,7,CB ,Deposits,45
Digital Banking,6/26/2020,5,7,10,7,7,7,7,5,7,CB ,Deposits,66
Digital Banking,6/26/2020,6,7,10,7,7,4,7,7,7,PB ,Deposits,70
Digital Banking,6/27/2020,7,7,10,7,7,7,7,7,7,PB ,Loans,48
Digital Banking,6/27/2020,3,4,2,6,6,5,4,4,6,CB ,Deposits,73
Digital Banking,6/29/2020,6,7,10,7,6,6,6,6,6,PB ,Deposits,68
Digital Banking,6/29/2020,7,7,8,7,7,7,7,7,7,CB ,Deposits,84
Digital Banking,6/29/2020,7,7,8,5,6,6,6,7,7,CB ,Deposits,46
Digital Banking,6/29/2020,7,7,10,7,5,7,7,7,7,PB ,Loans,65
Digital Banking,6/30/2020,7,7,10,7,7,7,7,7,7,CB ,Loans,73
Digital Banking,6/29/2020,7,7,10,7,7,6,7,7,7,CB ,Deposits,71
Digital Banking,6/29/2020,6,7,10,7,7,7,7,7,7,CB ,Deposits,73
Digital Banking,6/30/2020,7,7,10,7,7,7,7,7,7,CB ,Deposits,66
Digital Banking,6/29/2020,6,6,10,6,6,6,6,6,6,BB ,Deposits,62
Digital Banking,6/30/2020,5,7,10,2,2,6,6,6,6,CB ,Deposits,56
Digital Banking,6/30/2020,7,7,10,7,5,7,6,7,7,CB ,Deposits,64
Digital Banking,6/29/2020,7,7,10,7,7,7,7,6,6,CB ,Deposits,20
Digital Banking,6/29/2020,6,6,10,6,6,6,6,6,6,CB ,Deposits,66
Digital Banking,6/29/2020,6,7,10,6,6,6,6,6,6,CB ,Deposits,77
Digital Banking,6/30/2020,7,7,10,6,6,7,6,6,7,PB ,Loans,67
Digital Banking,6/29/2020,7,7,10,7,7,6,5,7,7,CB ,Deposits,65
Digital Banking,6/30/2020,7,7,10,7,7,7,7,7,7,CB ,Deposits,91
Digital Banking,6/29/2020,5,6,9,7,5,5,6,6,6,CB ,Deposits,71
Digital Banking,6/29/2020,7,6,9,6,6,5,6,6,7,CB ,Deposits,82
Digital Banking,6/30/2020,7,7,10,7,7,7,7,7,7,CB ,Deposits,59
Digital Banking,6/29/2020,5,3,3,6,5,4,3,4,4,CB ,Loans,57
Digital Banking,6/29/2020,7,7,10,7,7,7,7,7,7,CB ,Deposits,32
Digital Banking,6/29/2020,7,7,10,7,7,7,7,7,7,PB ,Deposits,69
Digital Banking,6/29/2020,7,6,10,6,5,4,5,6,6,CB ,Deposits,70
Digital Banking,6/29/2020,7,7,10,7,7,7,7,7,7,CB ,Deposits,55
Digital Banking,6/29/2020,7,7,10,7,7,6,6,6,6,CB ,Deposits,85
Digital Banking,6/29/2020,7,7,10,7,7,7,7,7,7,CB ,Deposits,79
Digital Banking,6/29/2020,7,5,8,6,7,7,7,7,7,CB ,Deposits,63
Digital Banking,6/29/2020,6,6,6,7,7,7,7,6,7,CB ,Deposits,49
Digital Banking,6/29/2020,7,7,10,7,7,7,7,7,7,CB ,Deposits,70
Digital Banking,6/29/2020,7,5,8,6,6,6,5,6,6,CB ,Deposits,63
Digital Banking,6/29/2020,7,7,10,7,7,6,6,7,7,CB ,Deposits,69
Digital Banking,6/29/2020,7,7,10,7,7,7,7,7,7,CB ,Deposits,71
Digital Banking,6/29/2020,7,7,10,7,7,6,6,6,5,CB ,Deposits,50
Digital Banking,6/29/2020,7,7,10,7,7,7,7,7,7,CB ,Deposits,40
Digital Banking,6/30/2020,6,7,10,7,6,7,7,7,7,CB ,Deposits,70
Digital Banking,6/29/2020,5,5,0,5,4,5,4,5,6,CB ,Deposits,50
Digital Banking,6/29/2020,7,7,10,7,6,5,5,6,7,CB ,Deposits,67
Digital Banking,6/29/2020,6,6,7,7,7,6,5,6,7,CB ,Deposits,33
Digital Banking,6/29/2020,3,4,4,4,4,4,4,4,4,CB ,Deposits,58
Digital Banking,6/29/2020,7,7,10,6,7,7,6,7,7,CB ,Deposits,87
Digital Banking,6/30/2020,6,6,10,7,5,7,6,6,6,CB ,Deposits,56
Digital Banking,6/29/2020,7,7,10,7,7,7,7,7,7,PB ,Loans,68
Digital Banking,7/2/2020,7,7,10,7,7,7,7,7,7,CB ,Deposits,73
Digital Banking,7/1/2020,5,7,10,7,7,7,7,6,7,CB ,Deposits,73
Digital Banking,7/1/2020,6,6,9,6,6,6,6,6,7,CB ,Deposits,56
Digital Banking,7/2/2020,7,7,10,7,7,7,7,6,7,CB ,Deposits,57
Digital Banking,7/2/2020,7,7,10,7,7,7,7,7,7,PB ,Deposits,71
Digital Banking,7/2/2020,5,6,9,6,6,6,6,6,6,CB ,Loans,33
Digital Banking,7/7/2020,2,2,5,1,4,2,1,1,7,CB ,Deposits,76
Digital Banking,7/6/2020,4,7,10,4,5,2,4,5,6,PB ,Deposits,69
Digital Banking,7/6/2020,6,5,5,6,6,6,6,5,5,CB ,Deposits,55
Digital Banking,7/6/2020,6,5,0,6,5,4,2,5,7,CB ,Deposits,32
Digital Banking,7/6/2020,5,5,6,7,7,7,7,7,7,CB ,Deposits,35
Digital Banking,7/7/2020,5,5,6,4,4,2,4,4,6,CB ,Deposits,61
Digital Banking,7/10/2020,1,7,0,7,7,7,7,1,7,CB ,Deposits,77
Digital Banking,7/6/2020,7,7,10,7,7,6,7,7,7,CB ,Deposits,79
Digital Banking,7/6/2020,7,6,8,7,4,5,4,4,5,PB ,Deposits,73
Digital Banking,7/6/2020,7,7,10,7,7,7,7,7,7,PB ,Deposits,53
Digital Banking,7/6/2020,7,7,9,7,7,7,7,7,7,CB ,Deposits,68
Digital Banking,7/9/2020,6,6,10,7,7,7,7,7,7,CB ,Deposits,61
Digital Banking,7/7/2020,6,7,8,5,4,5,6,6,6,CB ,Deposits,68
Digital Banking,7/8/2020,4,5,10,7,1,4,2,3,7,CB ,Deposits,76
Digital Banking,7/8/2020,7,7,10,7,7,7,7,7,7,CB ,Deposits,60
Digital Banking,7/7/2020,1,6,9,1,1,3,2,6,7,CB ,Deposits,83
Digital Banking,7/9/2020,7,7,10,7,7,7,7,7,7,CB ,Deposits,48
Digital Banking,7/8/2020,4,5,7,5,7,5,5,5,6,CB ,Deposits,86
Digital Banking,7/10/2020,6,6,7,6,6,5,5,6,6,CB ,Deposits,81
Digital Banking,7/9/2020,7,7,10,7,7,7,7,7,7,CB ,Deposits,71
Digital Banking,7/12/2020,7,7,10,7,7,7,6,7,7,CB ,Deposits,74
Digital Banking,7/10/2020,6,6,10,6,5,5,6,6,6,CB ,Loans,80
Digital Banking,7/12/2020,6,5,8,7,7,6,6,6,7,CB ,Deposits,68
Digital Banking,7/10/2020,6,5,9,7,7,7,7,7,7,CB ,Loans,32
Digital Banking,7/10/2020,7,7,10,7,7,7,4,7,7,CB ,Deposits,61
Digital Banking,7/10/2020,7,6,9,7,6,2,6,7,7,CB ,Deposits,69
Digital Banking,7/10/2020,5,7,10,7,7,7,7,7,7,CB ,Deposits,72
Digital Banking,7/10/2020,7,7,10,7,6,6,5,7,7,CB ,Deposits,70
Digital Banking,7/10/2020,7,7,10,7,7,7,7,7,7,CB ,Deposits,69
Digital Banking,7/10/2020,4,4,6,3,3,3,3,4,6,CB ,Deposits,73
Digital Banking,7/10/2020,6,6,8,7,7,7,7,7,7,CB ,Deposits,47
Digital Banking,7/13/2020,7,7,10,7,7,7,7,7,6,CB ,Deposits,66
Digital Banking,7/13/2020,7,6,8,7,7,7,7,7,7,CB ,Deposits,51
Digital Banking,7/15/2020,5,6,8,6,3,6,5,5,6,CB ,Deposits,71
Digital Banking,7/13/2020,7,7,10,6,6,5,7,7,7,CB ,Deposits,76
Digital Banking,7/13/2020,3,3,4,3,3,3,2,3,5,CB ,Deposits,57
Digital Banking,7/13/2020,7,7,10,7,7,7,7,7,7,CB ,Deposits,68
Digital Banking,7/15/2020,6,6,8,6,6,6,6,6,6,CB ,Deposits,61
Digital Banking,7/15/2020,7,6,9,7,7,7,7,7,7,CB ,Deposits,23
Digital Banking,7/15/2020,4,7,10,7,7,7,7,7,7,CB ,Deposits,71
Digital Banking,7/15/2020,7,7,10,7,7,7,7,7,7,CB ,Loans,59
Digital Banking,7/16/2020,6,6,9,7,7,6,7,7,7,CB ,Deposits,55
Digital Banking,7/16/2020,7,7,10,7,7,7,7,7,7,CB ,Deposits,43
Digital Banking,7/15/2020,7,5,5,5,5,5,5,5,5,CB ,Deposits,62
Digital Banking,7/16/2020,7,7,10,7,7,7,7,7,7,CB ,Deposits,59
Digital Banking,7/16/2020,5,6,8,6,5,6,6,6,6,CB ,Deposits,80
Digital Banking,7/16/2020,6,6,10,7,6,6,6,7,7,CB ,Deposits,75
Digital Banking,7/17/2020,7,4,7,7,6,6,5,5,6,CB ,Deposits,69
Digital Banking,7/17/2020,7,7,10,7,7,7,7,7,7,CB ,Deposits,73
Digital Banking,7/17/2020,5,5,7,6,5,5,6,6,6,CB ,Deposits,58
Digital Banking,7/20/2020,7,7,10,7,7,7,7,7,7,CB ,Loans,60
Digital Banking,7/20/2020,7,7,10,7,7,7,7,7,7,CB ,Deposits,61
Digital Banking,7/20/2020,7,7,10,7,7,7,7,7,7,BB ,Deposits,67
Digital Banking,7/21/2020,7,7,10,7,7,7,7,7,7,CB ,Deposits,29
Digital Banking,7/20/2020,7,7,10,7,7,7,7,7,7,CB ,Deposits,73
Digital Banking,7/21/2020,6,6,5,6,6,5,5,6,6,CB ,Deposits,62
Digital Banking,7/20/2020,7,7,10,7,7,7,7,6,7,CB ,Deposits,84
Digital Banking,7/21/2020,4,4,6,6,6,4,5,7,7,CB ,Deposits,63
Digital Banking,7/22/2020,3,7,10,7,7,4,7,7,7,CB ,Deposits,55
Digital Banking,7/21/2020,7,7,10,7,7,7,7,7,7,CB ,Loans,81
Digital Banking,7/23/2020,6,6,10,6,6,6,7,7,7,CB ,Deposits,65
Digital Banking,7/22/2020,6,6,10,7,5,7,5,6,7,CB ,Deposits,67
Digital Banking,7/22/2020,7,7,10,7,7,7,7,7,7,CB ,Deposits,62
Digital Banking,7/23/2020,5,7,10,7,7,5,7,7,7,CB ,Deposits,70
Digital Banking,7/23/2020,7,7,10,7,7,7,7,7,7,CB ,Deposits,57
Digital Banking,7/24/2020,5,6,9,6,5,6,5,5,5,CB ,Deposits,85
Digital Banking,7/23/2020,7,7,10,7,7,7,7,7,7,CB ,Deposits,75
Digital Banking,7/23/2020,6,6,9,7,6,7,7,7,7,CB ,Deposits,53
Digital Banking,7/23/2020,7,7,10,7,7,7,7,7,7,CB ,Loans,62
Digital Banking,7/24/2020,7,7,10,7,7,7,7,7,7,CB ,Loans,75
Digital Banking,7/27/2020,6,6,9,6,6,6,6,6,6,CB ,Deposits,20
Digital Banking,7/31/2020,5,6,6,6,5,6,6,5,6,CB ,Deposits,71
Digital Banking,7/27/2020,6,6,9,5,7,7,7,7,7,CB ,Deposits,71
Digital Banking,7/28/2020,5,5,7,5,3,5,5,5,5,CB ,Deposits,80
Digital Banking,7/28/2020,7,7,10,7,7,6,7,7,7,CB ,Deposits,65
Digital Banking,7/28/2020,1,6,9,7,4,5,3,4,6,PB ,Deposits,57
Digital Banking,7/31/2020,1,1,0,1,1,1,1,1,1,CB ,Deposits,72
Digital Banking,7/31/2020,7,7,10,7,6,6,6,7,7,CB ,Deposits,85
Digital Banking,8/3/2020,6,6,10,5,5,5,5,5,7,CB ,Deposits,76
Digital Banking,8/4/2020,6,6,9,7,7,6,7,6,7,CB ,Deposits,56
Digital Banking,8/3/2020,5,3,2,6,6,5,5,6,6,CB ,Deposits,67
Digital Banking,8/6/2020,7,7,10,7,7,7,7,7,7,CB ,Deposits,69
Digital Banking,8/5/2020,6,6,9,6,6,6,6,6,7,CB ,Deposits,70
Digital Banking,8/7/2020,4,5,6,4,6,5,4,5,6,CB ,Loans,60
Digital Banking,8/4/2020,7,7,10,7,6,6,7,7,7,CB ,Deposits,86
Digital Banking,8/5/2020,7,7,10,7,7,7,7,7,7,CB ,Deposits,56
Digital Banking,8/4/2020,6,6,4,5,5,5,7,5,7,CB ,Deposits,62
Digital Banking,8/7/2020,7,7,10,7,7,7,7,7,7,CB ,Loans,80
Digital Banking,8/6/2020,7,7,10,7,6,7,7,7,7,CB ,Deposits,62
Digital Banking,8/6/2020,7,7,10,7,7,7,7,7,7,CB ,Deposits,74
Digital Banking,8/5/2020,7,7,10,7,7,7,7,7,7,CB ,Deposits,54
Digital Banking,8/5/2020,7,7,10,7,7,7,7,7,7,BB ,Loans,60
Digital Banking,8/6/2020,6,6,9,6,6,6,6,6,6,PB ,Deposits,73
Digital Banking,8/7/2020,6,7,10,7,6,6,6,6,7,CB ,Deposits,57
Digital Banking,8/6/2020,7,7,10,7,7,7,7,7,7,CB ,Deposits,71
Digital Banking,8/7/2020,6,6,7,4,6,6,6,6,6,CB ,Deposits,48
Digital Banking,8/8/2020,7,7,10,6,7,6,5,7,7,CB ,Deposits,66
Digital Banking,8/7/2020,7,6,10,7,6,6,6,7,7,CB ,Deposits,85
Digital Banking,8/7/2020,5,5,8,5,5,5,5,5,5,CB ,Deposits,61
Digital Banking,8/8/2020,7,7,10,7,7,6,6,6,6,CB ,Deposits,56
Digital Banking,8/7/2020,7,7,10,6,7,6,7,7,6,CB ,Deposits,76
Digital Banking,8/7/2020,5,7,8,3,4,4,6,5,5,BB ,Loans,63
Digital Banking,8/7/2020,7,7,10,5,6,5,5,5,7,CB ,Loans,52
Digital Banking,8/7/2020,7,7,10,7,7,7,7,7,7,CB ,Deposits,81
Digital Banking,8/10/2020,6,7,10,7,6,6,4,6,7,PB ,Deposits,72
Digital Banking,8/11/2020,6,6,9,6,6,6,6,6,6,CB ,Loans,61
Digital Banking,8/11/2020,6,6,9,6,7,4,6,6,6,CB ,Deposits,65
Digital Banking,8/10/2020,7,7,10,7,7,7,7,7,7,CB ,Deposits,92
Digital Banking,8/13/2020,5,6,9,7,7,6,6,6,7,CB ,Loans,78
Digital Banking,8/12/2020,7,7,10,7,7,7,7,7,7,CB ,Loans,67
Digital Banking,8/12/2020,6,7,10,6,6,5,6,5,6,PB ,Loans,63
Digital Banking,8/12/2020,7,6,9,7,6,5,6,6,6,CB ,Deposits,76
Digital Banking,8/14/2020,5,6,8,6,6,6,5,6,7,CB ,Loans,83
Digital Banking,8/11/2020,6,6,9,6,6,6,7,6,6,CB ,Deposits,73
Digital Banking,8/14/2020,1,4,1,1,1,1,1,1,1,CB ,Deposits,72
Digital Banking,8/15/2020,7,7,10,7,7,7,7,7,7,CB ,Loans,87
Digital Banking,8/12/2020,4,1,0,2,3,5,2,5,7,CB ,Deposits,34
Digital Banking,8/13/2020,7,7,10,7,6,5,6,7,7,CB ,Deposits,67
Digital Banking,8/13/2020,2,3,3,4,7,7,7,5,4,CB ,Loans,67
Digital Banking,8/13/2020,1,5,8,4,1,1,3,5,7,BB ,Loans,71
Digital Banking,8/13/2020,7,7,0,7,7,7,7,7,7,CB ,Deposits,81
Digital Banking,8/13/2020,7,7,10,7,7,7,7,7,7,CB ,Deposits,63
Digital Banking,8/13/2020,7,7,10,7,7,7,7,7,7,CB ,Deposits,68
Digital Banking,8/13/2020,7,7,10,7,6,6,7,7,7,PB ,Loans,76
Digital Banking,8/14/2020,7,7,10,7,7,7,7,7,7,CB ,Deposits,73
Digital Banking,8/16/2020,7,7,10,6,6,6,6,6,6,CB ,Deposits,84
Digital Banking,8/14/2020,3,6,7,6,5,2,6,5,3,CB ,Deposits,53
Digital Banking,8/14/2020,7,7,10,7,7,7,7,7,7,CB ,Deposits,72
Digital Banking,8/17/2020,7,7,10,7,7,7,7,7,7,CB ,Deposits,54
Digital Banking,8/18/2020,7,7,10,7,6,7,7,7,7,CB ,Loans,71
Digital Banking,8/19/2020,6,7,9,7,7,6,6,7,7,CB ,Loans,54
Digital Banking,8/18/2020,6,6,9,7,7,7,7,7,7,CB ,Deposits,72
Digital Banking,8/20/2020,7,7,10,7,7,7,7,7,7,CB ,Deposits,71
Digital Banking,8/18/2020,7,7,10,7,7,7,7,7,4,CB ,Deposits,48
Digital Banking,8/18/2020,7,7,10,7,6,7,7,7,7,CB ,Deposits,50
Digital Banking,8/21/2020,7,7,10,7,7,7,7,7,7,CB ,Deposits,67
Digital Banking,8/19/2020,4,5,5,3,4,2,4,5,5,CB ,Deposits,50
Digital Banking,8/22/2020,7,7,10,7,6,6,7,6,7,CB ,Deposits,67
Digital Banking,8/24/2020,7,7,10,7,7,7,7,7,7,CB ,Deposits,76
Digital Banking,8/25/2020,7,7,10,7,7,6,7,7,7,CB ,Deposits,74
Digital Banking,8/24/2020,2,2,0,1,1,1,1,1,1,PB ,Deposits,46
Digital Banking,8/25/2020,7,7,10,7,6,7,6,7,7,CB ,Deposits,69
Digital Banking,8/24/2020,4,6,9,3,3,6,3,3,6,CB ,Deposits,61
Digital Banking,8/24/2020,5,5,6,7,5,7,5,6,6,CB ,Deposits,67
Digital Banking,8/25/2020,7,7,10,7,7,7,7,7,7,CB ,Deposits,60
Digital Banking,8/25/2020,7,7,10,7,7,7,6,6,7,CB ,Deposits,63
Digital Banking,8/25/2020,7,7,10,7,5,6,6,6,7,CB ,Deposits,55
Digital Banking,8/25/2020,7,7,10,7,7,7,7,7,7,PB ,Deposits,59
Digital Banking,8/27/2020,4,5,6,1,2,3,1,2,5,CB ,Deposits,45
Digital Banking,8/30/2020,7,7,10,7,4,5,3,4,7,CB ,Deposits,66
Digital Banking,8/26/2020,7,7,10,7,7,7,7,7,7,CB ,Deposits,78
Digital Banking,8/27/2020,6,7,10,7,3,2,6,6,6,CB ,Deposits,51
Digital Banking,8/26/2020,7,7,10,7,7,6,7,7,7,CB ,Deposits,58
Digital Banking,8/26/2020,7,7,10,7,7,7,7,7,7,BB ,Loans,37
Digital Banking,8/27/2020,7,6,9,7,7,7,4,7,4,CB ,Deposits,59
Digital Banking,8/27/2020,6,4,8,6,6,4,5,5,6,CB ,Deposits,55
Digital Banking,8/26/2020,5,6,8,5,5,5,7,6,7,CB ,Deposits,23
Digital Banking,8/27/2020,7,7,10,7,6,7,7,7,7,CB ,Deposits,70
Digital Banking,8/28/2020,5,4,4,4,4,4,4,4,4,CB ,Deposits,63
Digital Banking,8/28/2020,6,6,9,7,7,5,7,6,7,CB ,Deposits,58
Digital Banking,8/27/2020,7,7,10,7,7,7,7,7,7,CB ,Deposits,77
Digital Banking,8/27/2020,7,7,10,7,7,7,7,7,7,CB ,Loans,56
Digital Banking,9/1/2020,7,6,9,6,6,6,6,6,6,CB ,Loans,73
Digital Banking,9/2/2020,3,7,10,7,6,4,5,5,7,PB ,Deposits,59
Digital Banking,9/1/2020,1,5,0,2,3,1,2,4,4,CB ,Deposits,47
Digital Banking,9/2/2020,7,7,10,7,7,4,7,7,7,CB ,Deposits,45
Digital Banking,9/3/2020,7,7,10,7,7,7,7,7,7,CB ,Deposits,61
Digital Banking,9/3/2020,6,7,9,6,6,6,6,6,5,PB ,Deposits,54
Digital Banking,9/4/2020,5,5,8,6,6,6,3,3,6,CB ,Deposits,55
Digital Banking,9/3/2020,7,7,10,7,7,7,7,7,7,CB ,Deposits,63
Digital Banking,9/4/2020,5,6,9,3,7,5,6,7,7,CB ,Deposits,43
Digital Banking,9/4/2020,7,7,10,6,6,5,6,7,7,CB ,Deposits,74
Digital Banking,9/4/2020,7,7,10,7,7,6,7,7,7,CB ,Deposits,85
Digital Banking,9/4/2020,6,5,6,5,5,3,4,6,6,CB ,Deposits,61
Digital Banking,9/3/2020,7,7,10,7,7,7,7,7,7,CB ,Deposits,48
Digital Banking,9/5/2020,7,7,9,6,7,6,7,7,7,CB ,Deposits,68
Digital Banking,9/4/2020,6,6,9,6,6,6,6,6,6,CB ,Deposits,87
Digital Banking,9/4/2020,6,6,0,6,6,6,6,6,6,CB ,Deposits,71
Digital Banking,9/4/2020,7,7,10,7,7,7,7,7,7,CB ,Deposits,68
Digital Banking,9/4/2020,1,4,3,5,1,1,4,4,4,CB ,Deposits,56
Digital Banking,9/8/2020,3,7,10,7,7,7,7,7,7,CB ,Deposits,62
Digital Banking,9/8/2020,5,7,10,6,7,7,6,6,7,CB ,Deposits,82
Digital Banking,9/8/2020,5,5,7,5,6,6,5,6,6,CB ,Deposits,42
Digital Banking,9/9/2020,5,5,5,5,5,5,5,5,5,CB ,Deposits,52
Digital Banking,9/9/2020,6,6,10,6,5,5,6,6,6,PB ,Deposits,63
Digital Banking,9/10/2020,5,7,10,5,5,5,6,6,7,CB ,Deposits,53
Digital Banking,9/9/2020,7,7,10,7,7,7,7,7,7,CB ,Deposits,79
Digital Banking,9/9/2020,5,6,7,6,6,6,6,6,4,CB ,Deposits,57
Digital Banking,9/9/2020,4,5,9,4,6,5,6,5,6,CB ,Deposits,33
Digital Banking,9/9/2020,5,6,10,6,6,7,5,6,7,CB ,Deposits,47
Digital Banking,9/11/2020,7,7,10,7,7,7,7,7,7,CB ,Deposits,78
Digital Banking,9/12/2020,5,5,5,5,5,5,5,5,5,CB ,Deposits,72
Digital Banking,9/12/2020,7,7,10,7,7,7,7,7,7,CB ,Deposits,54
Digital Banking,9/14/2020,7,4,6,7,7,6,7,7,7,CB ,Deposits,74
Digital Banking,9/14/2020,6,7,10,6,7,7,6,7,7,PB ,Deposits,69
Digital Banking,9/16/2020,7,7,10,7,6,7,6,6,7,CB ,Deposits,70
Digital Banking,9/18/2020,7,7,10,7,7,7,7,7,7,CB ,Deposits,69
Digital Banking,9/16/2020,7,7,10,5,4,5,5,7,6,CB ,Deposits,92
Digital Banking,9/17/2020,6,7,10,7,7,7,7,7,7,CB ,Deposits,64
Digital Banking,9/16/2020,6,6,9,6,6,5,4,6,7,CB ,Deposits,58
Digital Banking,9/16/2020,7,7,10,6,6,6,6,5,7,PB ,Deposits,80
Digital Banking,9/17/2020,7,7,10,7,7,7,7,7,7,CB ,Deposits,56
Digital Banking,9/16/2020,3,5,7,5,6,6,5,6,6,CB ,Deposits,69
Digital Banking,9/17/2020,7,7,10,7,7,6,7,7,7,CB ,Deposits,63
Digital Banking,9/17/2020,7,7,10,7,7,7,7,7,7,CB ,Deposits,20
Digital Banking,9/16/2020,5,5,7,6,6,6,2,3,6,PB ,Deposits,57
Digital Banking,9/16/2020,5,2,0,4,4,4,4,4,6,CB ,Deposits,29
Digital Banking,9/19/2020,2,3,9,2,4,1,3,4,6,CB ,Deposits,45
Digital Banking,9/16/2020,7,6,9,3,6,6,2,7,7,CB ,Deposits,69
Digital Banking,9/18/2020,7,7,10,7,7,7,7,7,7,CB ,Deposits,72
Digital Banking,9/18/2020,7,7,10,7,7,7,7,7,7,CB ,Deposits,72
Digital Banking,9/17/2020,6,6,9,6,6,6,6,6,6,CB ,Deposits,72
Digital Banking,9/19/2020,6,5,7,6,6,6,6,6,6,CB ,Deposits,58
Digital Banking,9/18/2020,7,7,10,7,7,4,7,7,7,PB ,Deposits,59
Digital Banking,9/18/2020,7,7,10,7,7,7,7,7,7,CB ,Deposits,59
Digital Banking,9/18/2020,7,7,9,7,7,7,6,6,7,CB ,Deposits,48
Digital Banking,9/22/2020,5,7,5,6,7,5,6,7,7,CB ,Deposits,25
Digital Banking,9/23/2020,6,5,8,7,5,6,5,6,7,CB ,Deposits,62
Digital Banking,9/22/2020,7,7,10,7,6,6,7,7,7,CB ,Deposits,57
Digital Banking,9/23/2020,7,7,10,7,7,7,6,7,7,CB ,Deposits,68
Digital Banking,9/22/2020,7,7,10,7,7,7,7,7,7,CB ,Deposits,61
Digital Banking,9/21/2020,7,7,10,7,7,7,7,7,7,CB ,Deposits,50
Digital Banking,9/25/2020,7,7,10,7,7,7,7,7,7,CB ,Deposits,57
Digital Banking,9/23/2020,3,7,10,7,4,6,5,6,7,CB ,Deposits,56
Digital Banking,9/22/2020,7,7,10,6,6,6,6,6,6,CB ,Deposits,65
Digital Banking,9/23/2020,7,7,10,7,7,7,7,7,7,CB ,Deposits,78
Digital Banking,9/23/2020,5,6,8,6,5,6,5,6,6,CB ,Deposits,56
Digital Banking,9/26/2020,2,1,1,2,2,2,1,5,7,CB ,Deposits,60
Digital Banking,9/23/2020,6,6,9,6,6,6,6,6,6,CB ,Deposits,51
Digital Banking,9/23/2020,5,6,5,5,3,4,4,4,4,CB ,Deposits,82
Digital Banking,9/23/2020,4,3,2,4,3,3,4,4,1,CB ,Loans,50
Digital Banking,9/25/2020,6,7,10,7,7,6,7,7,7,CB ,Deposits,74
Digital Banking,9/28/2020,7,7,10,7,7,7,7,7,7,CB ,Deposits,60
Digital Banking,9/28/2020,5,4,4,6,6,6,4,5,5,CB ,Deposits,63
Digital Banking,9/28/2020,7,7,9,7,7,7,7,7,7,CB ,Loans,61
Digital Banking,9/28/2020,7,7,10,7,7,7,7,7,7,CB ,Deposits,64
Digital Banking,9/29/2020,6,7,10,6,6,7,7,7,7,CB ,Deposits,68
Digital Banking,9/28/2020,7,7,10,7,7,7,7,7,7,CB ,Deposits,74
Digital Banking,9/30/2020,6,7,10,7,6,6,7,6,6,CB ,Deposits,73
Digital Banking,9/30/2020,6,7,10,6,6,5,6,6,7,PB ,Deposits,69
Digital Banking,9/30/2020,5,6,9,4,5,4,6,6,6,CB ,Deposits,55
Digital Banking,9/29/2020,2,1,5,1,1,1,1,1,7,CB ,Deposits,65
Digital Banking,9/30/2020,7,7,10,7,7,7,7,7,7,CB ,Deposits,72
Digital Banking,9/30/2020,1,1,6,1,4,3,7,6,7,CB ,Deposits,64
Digital Banking,9/30/2020,7,6,9,6,5,6,6,6,6,CB ,Deposits,67
Digital Banking,9/30/2020,7,7,10,7,7,7,6,7,7,CB ,Deposits,55
Digital Banking,9/30/2020,7,7,0,7,7,7,7,7,7,PB ,Deposits,56
Digital Banking,10/1/2020,6,6,9,6,7,6,7,6,7,CB ,Deposits,63
Digital Banking,10/1/2020,7,7,10,7,7,7,7,7,7,CB ,Deposits,62
Digital Banking,10/1/2020,7,7,10,7,7,7,7,7,7,CB ,Deposits,76
Digital Banking,10/1/2020,7,7,9,6,5,6,6,6,6,CB ,Deposits,42
Digital Banking,10/2/2020,2,5,6,2,6,2,2,3,3,CB ,Deposits,50
Digital Banking,10/7/2020,7,7,10,7,7,6,7,7,7,CB ,Deposits,76
Digital Banking,10/3/2020,2,7,10,1,1,2,4,6,6,CB ,Deposits,76
Digital Banking,10/2/2020,2,4,5,4,5,4,1,4,7,PB ,Deposits,33
Digital Banking,10/5/2020,7,7,10,7,7,6,7,6,7,PB ,Deposits,64
Digital Banking,10/5/2020,7,7,10,6,6,7,5,5,7,CB ,Deposits,66
Digital Banking,10/8/2020,4,4,3,1,1,3,1,1,3,CB ,Loans,58
Digital Banking,10/5/2020,7,7,10,7,6,6,6,7,7,CB ,Deposits,67
Digital Banking,10/9/2020,3,7,10,4,6,3,3,4,6,CB ,Deposits,69
Digital Banking,10/8/2020,6,6,9,7,7,7,6,6,6,CB ,Deposits,57
Digital Banking,10/5/2020,1,4,6,4,3,3,3,6,6,PB ,Deposits,79
Digital Banking,10/6/2020,7,7,10,7,7,7,7,7,7,CB ,Deposits,62
Digital Banking,10/7/2020,7,7,10,6,6,6,7,7,7,CB ,Deposits,69
Digital Banking,10/6/2020,6,7,10,7,7,7,7,7,7,CB ,Loans,57
Digital Banking,10/6/2020,7,7,10,7,7,7,7,7,7,CB ,Deposits,67
Digital Banking,10/7/2020,7,7,10,7,7,7,7,7,7,CB ,Loans,77
Digital Banking,10/6/2020,6,6,5,6,6,7,7,6,6,CB ,Deposits,62
Digital Banking,10/9/2020,5,7,10,4,4,4,4,6,5,CB ,Deposits,64
Digital Banking,10/6/2020,6,6,9,6,6,5,6,6,6,PB ,Loans,59
Digital Banking,10/9/2020,6,6,10,7,7,6,6,6,7,CB ,Deposits,66
Digital Banking,10/8/2020,6,7,1,6,6,7,7,6,6,CB ,Deposits,57
Digital Banking,10/7/2020,7,7,10,7,7,7,7,7,7,MTG ,Loans,76
Digital Banking,10/7/2020,7,7,10,6,6,6,7,6,7,CB ,Deposits,75
Digital Banking,10/9/2020,5,6,8,4,5,4,6,6,6,CB ,Deposits,41
Digital Banking,10/9/2020,2,4,8,6,5,6,3,3,7,CB ,Deposits,29
Digital Banking,10/10/2020,5,6,7,5,5,5,5,5,6,CB ,Deposits,51
Digital Banking,10/7/2020,6,7,10,7,6,7,5,6,6,CB ,Deposits,64
Digital Banking,10/7/2020,2,4,5,3,4,3,5,4,5,CB ,Deposits,51
Digital Banking,10/9/2020,7,7,10,7,7,7,6,7,7,PB ,Deposits,51
Digital Banking,10/7/2020,2,5,5,1,2,4,3,5,6,CB ,Deposits,73
Digital Banking,10/8/2020,5,7,8,7,7,7,7,7,7,CB ,Deposits,42
Digital Banking,10/9/2020,7,7,10,7,7,7,7,7,7,CB ,Deposits,53
Digital Banking,10/8/2020,7,6,10,7,7,7,7,7,7,CB ,Deposits,65
Digital Banking,10/10/2020,7,5,8,7,7,7,7,6,7,CB ,Deposits,81
Digital Banking,10/8/2020,7,7,10,7,7,7,7,7,7,CB ,Deposits,68
Digital Banking,10/9/2020,7,7,10,7,7,7,7,7,7,CB ,Deposits,44
Digital Banking,10/8/2020,7,7,10,7,7,7,7,7,7,CB ,Loans,70
Digital Banking,10/8/2020,7,7,10,7,7,7,7,7,7,CB ,Deposits,56
Digital Banking,10/8/2020,6,7,10,7,7,6,6,6,7,PB ,Loans,60
Digital Banking,10/8/2020,6,7,9,6,6,6,6,6,7,CB ,Deposits,65
Digital Banking,10/13/2020,5,7,10,6,6,6,6,6,7,CB ,Deposits,34
Digital Banking,10/13/2020,3,4,6,6,4,4,4,4,6,CB ,Deposits,76
Digital Banking,10/15/2020,7,7,10,7,7,7,7,7,7,CB ,Deposits,60
Digital Banking,10/13/2020,6,7,9,6,6,6,6,6,7,CB ,Deposits,60
Digital Banking,10/13/2020,6,7,10,7,6,6,7,7,7,PB ,Deposits,69
Digital Banking,10/15/2020,5,6,6,6,6,6,6,6,7,BB ,Deposits,60
Digital Banking,10/14/2020,7,5,8,6,6,6,6,6,6,CB ,Deposits,76
Digital Banking,10/15/2020,7,7,10,7,7,5,6,7,7,CB ,Deposits,32
Digital Banking,10/14/2020,4,2,1,4,5,3,1,5,7,CB ,Deposits,42
Digital Banking,10/15/2020,7,7,10,7,7,7,7,7,7,CB ,Deposits,50
Digital Banking,10/15/2020,6,7,10,7,7,7,7,7,7,PB ,Deposits,66
Digital Banking,10/19/2020,7,7,10,7,5,6,6,7,7,CB ,Deposits,63
Digital Banking,10/20/2020,6,5,6,7,6,6,3,5,6,PB ,Deposits,53
Digital Banking,10/20/2020,6,6,8,5,3,2,6,6,6,PB ,Deposits,68
Digital Banking,10/21/2020,7,7,10,7,7,7,7,7,7,CB ,Deposits,66
Digital Banking,10/21/2020,7,7,10,7,7,7,7,7,7,CB ,Loans,51
Digital Banking,10/21/2020,6,7,10,7,6,7,7,7,7,CB ,Deposits,60
Digital Banking,10/21/2020,6,7,10,7,7,6,6,7,7,CB ,Deposits,82
Digital Banking,10/21/2020,6,7,10,7,7,6,6,7,7,CB ,Deposits,56
Digital Banking,10/21/2020,7,7,10,7,7,7,7,7,7,CB ,Deposits,75
Digital Banking,10/23/2020,7,7,10,7,7,7,7,7,7,CB ,Deposits,84
Digital Banking,10/24/2020,7,6,9,6,6,6,6,6,6,CB ,Loans,65
Digital Banking,10/27/2020,1,7,10,3,3,7,1,1,7,CB ,Loans,47
Digital Banking,10/24/2020,7,7,10,7,7,7,7,7,7,CB ,Deposits,67
Digital Banking,10/27/2020,6,6,8,7,7,7,6,5,5,CB ,Deposits,62
Digital Banking,10/26/2020,6,6,10,6,6,6,6,6,6,BB ,Loans,57
Digital Banking,10/23/2020,7,7,10,6,6,6,6,6,6,CB ,Deposits,74
Digital Banking,10/24/2020,5,7,10,5,5,5,5,5,7,CB ,Deposits,74
Digital Banking,10/28/2020,6,7,10,7,7,7,7,7,7,CB ,Deposits,55
Digital Banking,10/26/2020,5,5,8,6,5,5,4,4,5,CB ,Loans,55
Digital Banking,10/27/2020,7,7,10,7,7,7,6,6,7,CB ,Deposits,61
Digital Banking,10/26/2020,7,7,10,7,7,7,7,7,7,CB ,Loans,34
Digital Banking,10/30/2020,7,7,10,7,7,7,7,7,7,CB ,Deposits,62
Digital Banking,10/26/2020,5,6,8,7,7,7,7,5,5,CB ,Deposits,39
Digital Banking,10/27/2020,7,7,10,7,6,6,6,7,7,CB ,Deposits,68
Digital Banking,10/26/2020,6,7,10,6,5,6,6,6,6,CB ,Deposits,73
Digital Banking,10/30/2020,7,7,10,7,7,7,7,7,7,CB ,Deposits,71
Digital Banking,10/26/2020,7,7,10,7,7,6,7,7,7,BB ,Deposits,69
Digital Banking,10/29/2020,7,7,10,7,7,7,7,7,7,CB ,Deposits,19
Digital Banking,10/28/2020,6,6,9,7,6,7,6,7,7,CB ,Deposits,62
Digital Banking,10/28/2020,6,6,9,6,6,3,3,6,6,CB ,Deposits,76
Digital Banking,10/30/2020,7,7,10,7,7,7,7,7,7,CB ,Deposits,49
Digital Banking,10/30/2020,7,7,10,7,7,7,7,7,7,BB ,Deposits,66
Digital Banking,10/27/2020,6,6,9,6,6,5,6,6,6,CB ,Deposits,50
Digital Banking,10/30/2020,2,3,1,6,6,6,6,6,6,CB ,Deposits,69
Digital Banking,11/3/2020,6,7,9,7,5,6,6,5,6,CB ,Deposits,52
Digital Banking,11/2/2020,7,7,10,7,7,7,7,7,7,CB ,Deposits,61
Digital Banking,11/3/2020,7,7,10,7,6,6,7,7,7,CB ,Deposits,74
Digital Banking,11/3/2020,4,6,10,7,6,7,4,6,7,CB ,Deposits,51
Digital Banking,11/2/2020,7,7,10,7,7,7,6,7,7,CB ,Deposits,22
Digital Banking,11/4/2020,5,7,10,7,6,6,6,7,7,CB ,Deposits,82
Digital Banking,11/3/2020,6,6,9,6,5,5,6,5,6,CB ,Loans,67
Digital Banking,11/4/2020,7,7,10,7,7,7,7,7,7,CB ,Deposits,78
Digital Banking,11/4/2020,7,7,10,7,7,7,7,7,7,CB ,Loans,68
Digital Banking,11/3/2020,5,6,0,4,5,6,6,6,6,CB ,Deposits,73
Digital Banking,11/6/2020,4,7,10,7,7,6,3,7,7,CB ,Deposits,31
Digital Banking,11/4/2020,7,7,10,7,7,7,7,7,7,CB ,Deposits,77
Digital Banking,11/5/2020,5,6,8,7,7,7,7,7,4,CB ,Deposits,63
Digital Banking,11/4/2020,6,7,10,7,7,7,7,7,7,CB ,Deposits,66
Digital Banking,11/4/2020,6,6,9,6,6,5,6,6,6,PB ,Deposits,71
Digital Banking,11/5/2020,7,7,10,7,7,7,7,7,7,CB ,Deposits,81
Digital Banking,11/4/2020,7,7,10,7,7,7,7,7,7,CB ,Deposits,45
Digital Banking,11/6/2020,7,7,10,7,7,7,7,7,7,CB ,Deposits,53
Digital Banking,11/5/2020,6,6,10,7,6,6,6,6,6,PB ,Deposits,73
Digital Banking,11/5/2020,6,6,9,6,6,5,6,6,7,CB ,Deposits,62
Digital Banking,11/6/2020,7,7,10,7,7,7,7,7,7,CB ,Deposits,50
Digital Banking,11/5/2020,7,5,7,5,6,3,6,6,6,CB ,Deposits,58
Digital Banking,11/6/2020,7,7,10,7,7,7,7,7,7,CB ,Loans,49
Digital Banking,11/5/2020,7,7,10,7,7,7,7,7,7,CB ,Deposits,23
Digital Banking,11/6/2020,6,6,9,6,5,6,7,7,7,PB ,Loans,30
Digital Banking,11/10/2020,6,4,5,6,6,5,5,6,6,CB ,Deposits,71
Digital Banking,11/10/2020,7,7,10,7,7,7,7,7,7,CB ,Deposits,75
Digital Banking,11/9/2020,7,7,9,7,5,7,5,6,7,CB ,Deposits,75
Digital Banking,11/9/2020,7,7,10,7,7,7,7,7,7,CB ,Deposits,40
Digital Banking,11/10/2020,7,7,10,7,7,7,7,7,7,CB ,Deposits,66
Digital Banking,11/11/2020,6,6,10,6,6,6,6,6,7,PB ,Loans,59
Digital Banking,11/10/2020,5,5,8,6,6,6,5,6,6,CB ,Deposits,63
Digital Banking,11/11/2020,7,7,10,7,5,7,7,6,6,PB ,Loans,62
Digital Banking,11/13/2020,6,6,7,6,6,3,5,6,6,CB ,Deposits,70
Digital Banking,11/12/2020,4,6,9,7,7,7,5,7,7,CB ,Deposits,50
Digital Banking,11/12/2020,7,7,10,6,6,6,7,6,7,CB ,Deposits,72
Digital Banking,11/12/2020,6,5,8,5,4,6,6,6,7,CB ,Deposits,70
Digital Banking,11/16/2020,5,5,5,5,6,5,4,5,5,CB ,Deposits,82
Digital Banking,11/12/2020,7,6,9,6,6,6,6,6,7,CB ,Deposits,73
Digital Banking,11/12/2020,7,7,10,7,7,7,7,7,7,CB ,Loans,59
Digital Banking,11/13/2020,4,4,4,4,5,6,1,4,4,CB ,Deposits,60
Digital Banking,11/12/2020,7,6,10,5,5,5,4,5,6,CB ,Loans,76
Digital Banking,11/12/2020,7,7,10,7,7,6,7,7,7,CB ,Deposits,70
Digital Banking,11/13/2020,7,7,10,7,7,7,7,7,7,CB ,Deposits,68
Digital Banking,11/13/2020,7,7,10,7,7,7,7,7,7,CB ,Deposits,86
Digital Banking,11/13/2020,6,7,10,7,7,6,6,7,7,CB ,Deposits,38
Digital Banking,11/13/2020,7,7,10,7,7,7,7,7,7,CB ,Deposits,71
Digital Banking,11/13/2020,6,7,10,4,7,4,7,7,7,CB ,Deposits,52
Digital Banking,11/13/2020,7,7,10,7,7,7,7,7,7,CB ,Deposits,39
Digital Banking,11/12/2020,7,7,10,7,7,6,7,7,7,CB ,Deposits,73
Digital Banking,11/13/2020,2,4,0,4,4,5,4,4,4,CB ,Deposits,59
Digital Banking,11/13/2020,7,7,10,7,7,7,7,7,7,PB ,Deposits,62
Digital Banking,11/14/2020,5,5,8,7,6,5,5,6,7,CB ,Deposits,34
Digital Banking,11/16/2020,7,7,10,7,7,7,7,7,7,CB ,Deposits,69
Digital Banking,11/17/2020,7,7,10,7,7,7,7,7,7,CB ,Deposits,60
Digital Banking,11/17/2020,6,6,7,6,6,6,6,7,7,CB ,Deposits,59
Digital Banking,11/19/2020,5,5,7,6,5,5,6,7,6,CB ,Deposits,65
Digital Banking,11/19/2020,6,6,9,7,6,6,6,7,6,CB ,Deposits,78
Digital Banking,11/20/2020,7,7,10,7,7,7,7,7,7,CB ,Deposits,59
Digital Banking,11/20/2020,7,6,10,6,6,7,7,7,7,CB ,Deposits,57
Digital Banking,11/20/2020,5,6,8,6,6,4,6,6,5,CB ,Deposits,52
Digital Banking,11/20/2020,7,7,10,7,7,7,7,7,7,CB ,Deposits,62
Digital Banking,11/21/2020,5,5,6,5,5,5,6,5,6,BB ,Deposits,71
Digital Banking,11/20/2020,5,7,10,7,6,6,5,6,6,CB ,Deposits,58
Digital Banking,11/24/2020,7,6,10,5,6,6,6,6,6,CB ,Deposits,68
Digital Banking,11/27/2020,6,7,10,7,7,6,7,7,7,CB ,Deposits,68
Digital Banking,11/25/2020,7,7,10,7,6,6,6,7,7,CB ,Deposits,71
Digital Banking,11/25/2020,7,7,10,7,7,7,7,7,7,CB ,Deposits,55
Digital Banking,11/29/2020,5,6,9,6,5,6,6,7,7,CB ,Deposits,66
Digital Banking,11/24/2020,7,7,10,7,7,7,6,7,7,CB ,Deposits,88
Digital Banking,11/26/2020,6,7,10,7,5,7,7,7,7,PB ,Deposits,69
Digital Banking,11/29/2020,7,7,10,7,7,7,4,7,7,CB ,Deposits,66
Digital Banking,11/25/2020,7,7,7,7,7,7,7,7,7,CB ,Loans,51
Digital Banking,11/28/2020,7,7,10,7,7,7,7,7,7,BB ,Deposits,79
Digital Banking,11/25/2020,6,5,7,6,6,6,6,7,7,CB ,Deposits,48
Digital Banking,11/25/2020,7,7,10,7,7,7,7,7,7,CB ,Deposits,63
Digital Banking,11/25/2020,7,7,10,7,7,5,6,7,6,CB ,Deposits,29
Digital Banking,11/27/2020,7,7,10,7,6,5,6,7,7,CB ,Deposits,66
Digital Banking,11/28/2020,7,7,10,7,7,7,7,7,7,CB ,Deposits,63
Digital Banking,11/27/2020,6,5,8,6,6,6,6,6,6,CB ,Deposits,67
Digital Banking,11/27/2020,6,7,10,6,5,5,6,6,6,CB ,Deposits,78
Digital Banking,11/27/2020,7,7,10,7,7,7,7,7,7,CB ,Deposits,67
Digital Banking,11/27/2020,7,7,10,7,7,6,7,7,7,CB ,Deposits,69
Digital Banking,12/2/2020,3,2,2,3,3,3,4,3,3,CB ,Deposits,52
Digital Banking,12/2/2020,7,7,10,5,7,7,7,6,7,CB ,Deposits,49
Digital Banking,12/2/2020,7,7,10,7,6,6,6,6,7,CB ,Deposits,58
Digital Banking,12/2/2020,6,5,8,6,6,5,5,5,6,CB ,Deposits,38
Digital Banking,12/1/2020,6,5,3,6,6,6,6,6,6,CB ,Deposits,25
Digital Banking,12/2/2020,7,7,10,7,7,7,6,7,7,PB ,Deposits,53
Digital Banking,12/2/2020,6,6,7,6,6,6,6,6,6,CB ,Deposits,71
Digital Banking,12/2/2020,7,7,10,7,7,7,7,7,7,CB ,Deposits,43
Digital Banking,12/2/2020,6,6,10,7,6,6,6,6,6,CB ,Loans,72
Digital Banking,12/3/2020,6,7,10,7,7,7,7,7,7,CB ,Deposits,63
Digital Banking,12/2/2020,7,7,10,7,7,4,7,7,7,CB ,Deposits,59
Digital Banking,12/2/2020,6,6,8,6,6,6,6,6,6,CB ,Deposits,54
Digital Banking,12/4/2020,6,6,10,7,7,6,6,6,7,PB ,Deposits,64
Digital Banking,12/4/2020,7,7,10,7,7,7,7,7,7,CB ,Deposits,58
Digital Banking,12/4/2020,5,6,9,6,6,6,6,6,5,CB ,Deposits,57
Digital Banking,12/4/2020,7,7,10,7,7,7,7,7,7,CB ,Deposits,34
Digital Banking,12/4/2020,2,1,0,4,4,2,4,3,1,CB ,Deposits,32
Digital Banking,12/5/2020,6,7,10,7,7,7,7,7,7,CB ,Deposits,73
Digital Banking,12/4/2020,5,7,10,4,4,4,1,3,6,CB ,Deposits,44
Digital Banking,12/5/2020,5,7,10,6,6,5,6,6,6,CB ,Deposits,80
Digital Banking,12/9/2020,7,6,10,7,7,7,6,5,7,CB ,Deposits,74
Digital Banking,12/4/2020,6,6,10,6,6,5,6,6,6,CB ,Deposits,70
Digital Banking,12/5/2020,7,6,10,7,6,7,6,6,7,CB ,Deposits,68
Digital Banking,12/5/2020,6,7,9,6,6,4,7,6,7,CB ,Deposits,59
Digital Banking,12/5/2020,7,7,10,7,7,7,7,7,7,CB ,Loans,48
Digital Banking,12/8/2020,7,7,10,7,7,7,7,7,7,CB ,Deposits,76
Digital Banking,12/8/2020,6,6,8,7,7,7,7,7,7,CB ,Deposits,56
Digital Banking,12/8/2020,6,6,10,6,7,6,5,5,7,CB ,Deposits,35
Digital Banking,12/7/2020,7,7,10,7,7,7,7,7,7,CB ,Deposits,60
Digital Banking,12/11/2020,7,7,10,6,7,6,6,7,6,CB ,Loans,66
Digital Banking,12/11/2020,7,7,10,7,7,7,7,7,7,CB ,Deposits,69
Digital Banking,12/9/2020,7,7,10,7,7,7,7,7,7,BB ,Deposits,51
Digital Banking,12/11/2020,5,6,8,7,5,5,6,6,6,CB ,Deposits,58
Digital Banking,12/9/2020,5,5,7,5,5,5,5,5,6,CB ,Deposits,76
Digital Banking,12/10/2020,7,7,10,7,7,7,7,7,7,CB ,Deposits,71
Digital Banking,12/13/2020,7,6,10,6,7,7,5,6,7,CB ,Deposits,68
Digital Banking,12/10/2020,6,6,10,6,6,6,6,6,6,CB ,Deposits,66
Digital Banking,12/10/2020,5,6,10,5,6,5,6,7,7,CB ,Deposits,65
Digital Banking,12/12/2020,7,6,9,6,6,6,6,6,6,CB ,Deposits,78
Digital Banking,12/11/2020,7,7,10,7,7,7,7,7,7,CB ,Deposits,69
Digital Banking,12/13/2020,5,7,10,7,6,6,6,7,6,CB ,Deposits,89
Digital Banking,12/14/2020,7,7,10,7,5,6,6,7,6,CB ,Deposits,86
Digital Banking,12/15/2020,6,7,8,6,6,6,6,7,7,CB ,Deposits,74
Digital Banking,12/14/2020,7,7,10,7,7,7,7,7,7,CB ,Deposits,56
Digital Banking,12/15/2020,5,6,9,6,6,6,5,6,6,BB ,Deposits,70
Digital Banking,12/17/2020,7,7,10,7,7,7,7,7,7,CB ,Deposits,64
Digital Banking,12/15/2020,7,7,10,7,7,7,7,7,7,CB ,Deposits,73
Digital Banking,12/15/2020,7,7,10,7,6,6,6,7,7,CB ,Deposits,59
Digital Banking,12/15/2020,6,5,7,7,6,6,5,6,6,CB ,Deposits,38
Digital Banking,12/16/2020,7,7,10,7,7,7,7,7,7,CB ,Deposits,45
Digital Banking,12/16/2020,6,7,10,6,6,6,6,6,6,CB ,Deposits,76
Digital Banking,12/16/2020,1,4,5,1,3,7,4,3,7,CB ,Deposits,71
Digital Banking,12/17/2020,7,7,10,7,7,7,7,7,7,CB ,Deposits,59
Digital Banking,12/17/2020,5,6,8,6,6,6,6,6,6,CB ,Deposits,61
Digital Banking,12/17/2020,7,7,10,7,7,7,7,7,7,CB ,Deposits,66
Digital Banking,12/17/2020,6,6,4,7,6,6,6,6,6,CB ,Deposits,56
Digital Banking,12/18/2020,7,7,10,7,7,7,7,7,7,CB ,Deposits,82
Digital Banking,12/19/2020,5,5,7,5,5,5,6,5,5,CB ,Deposits,70
Digital Banking,12/17/2020,6,5,8,6,4,6,6,6,6,BB ,Deposits,55
Digital Banking,12/19/2020,7,6,9,6,6,6,6,6,7,CB ,Loans,64
Digital Banking,12/19/2020,7,7,10,7,7,7,7,7,7,CB ,Deposits,55
Digital Banking,12/19/2020,5,5,7,6,6,6,6,6,6,CB ,Deposits,84
Digital Banking,12/21/2020,4,7,6,7,7,7,1,1,7,CB ,Deposits,41
Digital Banking,12/24/2020,7,7,10,7,7,6,7,7,7,CB ,Deposits,62
Digital Banking,12/21/2020,7,7,10,7,7,7,7,7,7,CB ,Deposits,72
Digital Banking,12/22/2020,6,7,10,7,6,7,6,6,6,CB ,Deposits,65
Digital Banking,12/22/2020,5,4,5,4,4,3,5,3,3,CB ,Deposits,18
Digital Banking,12/23/2020,6,7,10,7,7,7,7,7,7,PB ,Deposits,83
Digital Banking,12/24/2020,7,6,9,6,6,6,6,6,6,CB ,Deposits,82
Digital Banking,12/24/2020,7,7,10,7,7,7,7,7,7,CB ,Deposits,26
Digital Banking,12/29/2020,2,3,2,1,1,1,1,1,4,CB ,Deposits,76
Digital Banking,12/28/2020,5,7,10,7,7,5,5,7,7,CB ,Loans,33
Digital Banking,12/30/2020,6,7,10,6,6,6,7,6,7,CB ,Deposits,81
Digital Banking,12/30/2020,6,7,10,7,7,6,7,7,7,CB ,Deposits,44
Digital Banking,12/31/2020,6,7,10,6,6,7,7,7,7,CB ,Deposits,74
Digital Banking,1/1/2021,7,7,10,7,7,7,7,7,7,CB ,Deposits,60
Digital Banking,1/5/2021,7,7,10,7,7,7,7,7,7,CB ,Deposits,62
Digital Banking,1/4/2021,7,7,10,7,7,5,6,6,6,CB ,Deposits,77
Digital Banking,1/4/2021,7,7,10,7,7,7,7,7,7,BB ,Deposits,63
Digital Banking,1/5/2021,6,7,10,6,7,7,6,7,7,CB ,Deposits,84
Digital Banking,1/5/2021,7,7,10,7,7,7,7,7,7,CB ,Deposits,67
Digital Banking,1/5/2021,5,6,6,7,7,5,5,7,7,CB ,Deposits,64
Digital Banking,1/7/2021,7,7,10,7,7,7,6,7,7,CB ,Deposits,72
Digital Banking,1/7/2021,7,7,10,6,6,6,5,6,6,CB ,Loans,74
Digital Banking,1/7/2021,7,7,9,7,7,7,7,7,7,CB ,Deposits,60
Digital Banking,1/7/2021,7,7,10,7,7,7,7,7,7,CB ,Deposits,38
Digital Banking,1/7/2021,6,3,4,6,6,6,6,6,6,CB ,Deposits,66
Digital Banking,1/9/2021,7,7,10,7,7,7,7,6,7,CB ,Loans,72
Digital Banking,1/7/2021,7,6,10,7,7,5,6,7,6,CB ,Deposits,69
Digital Banking,1/7/2021,6,6,8,7,3,4,4,5,5,CB ,Deposits,76
Digital Banking,1/7/2021,1,7,10,7,7,7,7,7,7,CB ,Deposits,41
Digital Banking,1/8/2021,7,7,10,7,4,7,7,7,7,CB ,Deposits,30
Digital Banking,1/9/2021,7,7,10,7,7,7,7,7,7,CB ,Loans,67
Digital Banking,1/7/2021,4,5,5,5,5,5,4,5,7,CB ,Deposits,25
Digital Banking,1/9/2021,7,7,10,7,7,7,7,7,7,PB ,Loans,74
Digital Banking,1/8/2021,7,6,10,5,3,4,4,5,6,CB ,Loans,63
Digital Banking,1/12/2021,7,7,10,7,7,7,7,7,7,CB ,Deposits,77
Digital Banking,1/11/2021,7,6,7,5,4,5,4,5,6,CB ,Deposits,72
Digital Banking,1/11/2021,7,4,8,6,7,6,5,6,6,CB ,Deposits,81
Digital Banking,1/11/2021,5,5,7,6,4,4,4,5,6,PB ,Deposits,45
Digital Banking,1/12/2021,7,7,10,7,7,7,7,7,7,CB ,Loans,65
Digital Banking,1/12/2021,7,7,10,7,7,4,6,6,7,CB ,Deposits,54
Digital Banking,1/12/2021,7,7,10,7,7,7,7,7,7,CB ,Loans,56
Digital Banking,1/13/2021,5,5,6,5,6,5,2,5,6,CB ,Deposits,25
Digital Banking,1/12/2021,5,7,10,7,6,3,5,7,7,PB ,Deposits,43
Digital Banking,1/13/2021,6,7,10,6,6,4,5,6,7,CB ,Deposits,39
Digital Banking,1/14/2021,7,6,9,7,6,5,6,6,7,CB ,Deposits,56
Digital Banking,1/14/2021,7,6,9,7,7,7,7,7,7,PB ,Deposits,70
Digital Banking,1/13/2021,6,6,8,6,5,5,6,6,5,CB ,Loans,59
Digital Banking,1/13/2021,6,7,10,7,6,6,4,5,6,PB ,Deposits,51
Digital Banking,1/14/2021,6,5,7,7,7,4,5,6,4,CB ,Loans,52
Digital Banking,1/14/2021,7,7,10,7,7,7,6,7,7,CB ,Deposits,59
Digital Banking,1/14/2021,7,7,10,7,7,7,7,7,7,CB ,Deposits,58
Digital Banking,1/14/2021,7,7,9,7,7,5,7,7,7,CB ,Deposits,68
Digital Banking,1/14/2021,7,7,10,7,7,5,7,7,7,CB ,Deposits,48
Digital Banking,1/14/2021,5,5,10,7,7,5,7,7,7,CB ,Deposits,51
Digital Banking,1/15/2021,7,7,10,6,7,6,6,7,7,CB ,Deposits,67
Digital Banking,1/15/2021,7,7,0,7,5,1,4,7,4,CB ,Deposits,60
Digital Banking,1/15/2021,4,7,10,7,7,7,4,6,7,CB ,Loans,66
Digital Banking,1/16/2021,7,7,9,6,6,5,6,6,7,CB ,Deposits,72
Digital Banking,1/17/2021,6,7,10,7,7,3,7,7,7,CB ,Deposits,18
Digital Banking,1/19/2021,7,7,10,6,6,6,7,7,7,PB ,Deposits,49
Digital Banking,1/19/2021,6,7,10,7,7,7,6,7,7,CB ,Deposits,69
Digital Banking,1/18/2021,5,7,10,4,6,6,6,6,7,CB ,Deposits,58
Digital Banking,1/19/2021,7,6,6,7,6,6,7,7,7,CB ,Deposits,83
Digital Banking,1/19/2021,7,7,10,7,7,7,7,7,7,BB ,Deposits,66
Digital Banking,1/19/2021,6,6,8,6,6,6,6,6,6,CB ,Deposits,93
Digital Banking,1/20/2021,6,6,8,6,6,6,6,6,6,CB ,Deposits,64
Digital Banking,1/20/2021,7,7,10,7,7,7,7,7,7,CB ,Deposits,38
Digital Banking,1/21/2021,6,6,9,6,6,6,6,6,7,CB ,Loans,50
Digital Banking,1/21/2021,4,6,9,4,4,5,4,4,6,PB ,Deposits,69
Digital Banking,1/22/2021,5,6,9,7,7,5,5,7,7,CB ,Deposits,78
Digital Banking,1/22/2021,7,7,10,7,7,7,7,7,7,CB ,Deposits,71
Digital Banking,1/22/2021,5,5,7,6,6,6,4,6,1,CB ,Deposits,44
Digital Banking,1/22/2021,6,6,8,6,6,6,6,6,6,CB ,Deposits,73
Digital Banking,1/25/2021,7,7,10,7,7,7,7,7,7,BB ,Deposits,73
Digital Banking,1/25/2021,5,3,4,6,5,4,5,5,6,CB ,Deposits,25
Digital Banking,1/26/2021,7,7,10,7,7,7,7,7,7,CB ,Deposits,67
Digital Banking,1/25/2021,7,7,10,7,7,7,7,7,7,CB ,Deposits,56
Digital Banking,1/25/2021,6,7,10,7,7,7,5,6,6,PB ,Deposits,70
Digital Banking,1/26/2021,6,6,8,7,6,6,7,7,5,CB ,Deposits,58
Digital Banking,1/29/2021,6,6,9,5,6,4,6,6,6,CB ,Deposits,67
Digital Banking,1/28/2021,4,6,7,1,5,5,5,3,6,PB ,Deposits,43
Digital Banking,1/30/2021,7,7,10,7,7,7,7,7,7,CB ,Deposits,57
Digital Banking,1/30/2021,6,6,9,6,4,6,6,6,7,CB ,Deposits,67
Digital Banking,1/30/2021,7,7,10,7,7,7,7,7,7,BB ,Loans,73
Digital Banking,1/29/2021,7,7,10,6,7,7,6,7,7,CB ,Deposits,59
Digital Banking,2/2/2021,7,7,10,7,7,7,7,7,7,PB ,Deposits,55
Digital Banking,2/1/2021,7,7,10,7,7,6,7,7,6,CB ,Deposits,68
Digital Banking,2/1/2021,7,7,10,7,7,7,7,7,7,CB ,Deposits,65
Digital Banking,2/3/2021,7,7,10,7,7,7,7,7,7,CB ,Deposits,74
Digital Banking,2/4/2021,7,7,10,7,7,7,7,7,7,CB ,Deposits,50
Digital Banking,2/4/2021,6,6,9,6,6,5,6,6,7,CB ,Deposits,73
Digital Banking,2/4/2021,6,6,9,6,6,6,6,6,6,CB ,Deposits,60
Digital Banking,2/8/2021,6,6,8,6,6,7,2,4,6,CB ,Deposits,65
Digital Banking,2/7/2021,7,7,10,7,6,7,6,7,7,CB ,Deposits,60
Digital Banking,2/6/2021,6,4,7,6,7,6,6,6,5,CB ,Deposits,71
Digital Banking,2/6/2021,7,7,10,7,7,6,7,7,7,CB ,Deposits,52
Digital Banking,2/9/2021,7,4,1,5,5,4,2,4,6,BB ,Deposits,67
Digital Banking,2/11/2021,7,7,10,7,7,7,7,7,7,CB ,Deposits,61
Digital Banking,2/9/2021,7,7,10,6,6,5,7,7,7,CB ,Loans,49
Digital Banking,2/10/2021,7,7,10,7,7,7,7,7,7,PB ,Deposits,50
Digital Banking,2/9/2021,3,5,6,4,4,4,5,5,5,CB ,Loans,61
Digital Banking,2/12/2021,6,6,9,6,6,5,6,6,6,BB ,Deposits,56
Digital Banking,2/10/2021,7,7,10,7,7,7,7,7,7,CB ,Deposits,62
Digital Banking,2/11/2021,6,7,10,7,6,6,6,6,6,CB ,Deposits,66
Digital Banking,2/10/2021,7,6,10,6,6,6,6,6,4,CB ,Loans,46
Digital Banking,2/11/2021,7,7,9,7,7,6,7,7,7,CB ,Loans,52
Digital Banking,2/13/2021,7,7,10,7,7,7,7,7,7,CB ,Deposits,77
Digital Banking,2/10/2021,7,7,10,7,7,7,7,7,7,CB ,Deposits,58
Digital Banking,2/10/2021,7,7,10,7,7,6,7,7,7,CB ,Deposits,55
Digital Banking,2/13/2021,7,7,10,7,7,7,7,7,7,BB ,Deposits,64
Digital Banking,2/13/2021,7,7,10,7,7,7,7,7,7,CB ,Deposits,67
Digital Banking,2/14/2021,4,7,10,3,5,3,7,6,7,PB ,Deposits,58
Digital Banking,2/13/2021,6,6,6,6,6,5,7,6,7,CB ,Deposits,48
Digital Banking,2/11/2021,6,7,10,5,7,6,7,7,7,CB ,Deposits,41
Digital Banking,2/12/2021,6,7,10,7,7,7,7,7,7,CB ,Deposits,79
Digital Banking,2/11/2021,7,6,10,7,6,6,6,7,7,CB ,Deposits,68
Digital Banking,2/12/2021,7,7,10,7,7,7,7,7,7,CB ,Deposits,56
Digital Banking,2/13/2021,7,7,10,6,7,6,7,7,7,CB ,Deposits,68
Digital Banking,2/12/2021,7,7,10,7,7,7,6,7,7,CB ,Deposits,76
Digital Banking,2/12/2021,6,5,5,6,4,6,5,4,7,CB ,Deposits,54
Digital Banking,2/12/2021,2,5,6,2,2,1,1,1,5,PB ,Deposits,50
Digital Banking,2/16/2021,6,5,8,5,4,4,5,5,4,CB ,Deposits,63
Digital Banking,2/17/2021,7,7,10,6,6,6,7,6,6,MTG ,Loans,62
Digital Banking,2/18/2021,7,7,10,7,7,7,7,7,7,CB ,Deposits,55
Digital Banking,2/18/2021,6,4,5,6,5,6,6,6,6,CB ,Deposits,53
Digital Banking,2/23/2021,7,7,10,7,7,7,7,7,7,CB ,Deposits,74
Digital Banking,2/18/2021,5,7,7,7,7,7,7,7,7,CB ,Loans,71
Digital Banking,2/19/2021,7,7,10,7,7,7,7,7,7,PB ,Loans,68
Digital Banking,2/23/2021,6,6,8,7,6,6,5,7,7,BB ,Deposits,59
Digital Banking,2/19/2021,7,7,10,7,7,7,6,6,6,CB ,Deposits,69
Digital Banking,2/18/2021,6,6,9,7,6,6,7,6,6,CB ,Deposits,58
Digital Banking,2/23/2021,7,7,10,7,7,7,6,7,7,CB ,Deposits,49
Digital Banking,2/18/2021,1,1,0,1,1,1,1,1,1,CB ,Deposits,32
Digital Banking,2/23/2021,7,7,10,7,7,7,7,7,7,CB ,Deposits,78
Digital Banking,2/19/2021,7,7,10,7,7,7,7,7,6,CB ,Deposits,66
Digital Banking,2/20/2021,6,6,8,7,6,5,6,6,6,CB ,Deposits,64
Digital Banking,2/24/2021,7,7,10,7,7,7,7,7,7,CB ,Deposits,51
Digital Banking,2/23/2021,7,7,10,7,7,7,7,7,7,CB ,Deposits,70
Digital Banking,2/23/2021,7,7,10,7,7,7,7,7,7,CB ,Deposits,21
Digital Banking,2/23/2021,6,7,10,7,7,7,7,7,7,CB ,Deposits,78
Digital Banking,2/23/2021,5,6,9,5,3,3,5,5,7,CB ,Deposits,80
Digital Banking,2/22/2021,7,7,10,7,7,7,7,7,7,CB ,Deposits,67
Digital Banking,2/24/2021,6,6,9,6,6,6,6,6,6,CB ,Deposits,66
Digital Banking,2/22/2021,5,6,7,6,6,6,5,4,6,CB ,Deposits,83
Digital Banking,2/22/2021,6,6,8,6,6,6,7,6,6,CB ,Deposits,59
Digital Banking,2/22/2021,5,6,8,6,6,6,6,6,6,CB ,Deposits,68
Digital Banking,2/23/2021,7,7,10,7,6,7,6,7,7,CB ,Deposits,50
Digital Banking,2/23/2021,7,7,10,7,7,5,5,6,7,CB ,Deposits,56
Digital Banking,2/23/2021,7,7,10,7,7,7,7,7,7,CB ,Deposits,47
Digital Banking,2/23/2021,7,7,10,7,7,7,7,7,7,CB ,Deposits,62
Digital Banking,2/24/2021,7,7,10,7,7,7,7,7,7,CB ,Deposits,53
Digital Banking,2/24/2021,7,7,9,7,7,6,7,7,7,CB ,Deposits,65
Digital Banking,2/25/2021,7,7,10,7,7,7,7,7,7,CB ,Deposits,76
Digital Banking,2/24/2021,7,7,10,7,7,7,7,7,7,CB ,Loans,35
Digital Banking,2/25/2021,6,7,10,6,6,6,6,6,6,CB ,Deposits,57
Digital Banking,2/25/2021,7,3,3,7,7,7,7,7,7,CB ,Deposits,66
Digital Banking,2/26/2021,6,7,10,7,6,6,4,4,6,CB ,Deposits,38
Digital Banking,2/26/2021,6,6,10,7,7,7,7,6,7,CB ,Deposits,68
Digital Banking,2/26/2021,6,7,10,7,7,5,6,7,7,CB ,Deposits,66
Digital Banking,3/1/2021,5,6,9,7,5,6,4,3,7,CB ,Deposits,66
Digital Banking,3/2/2021,7,7,10,7,6,6,1,6,6,CB ,Deposits,78
Digital Banking,3/3/2021,7,7,10,7,7,7,7,7,7,CB ,Deposits,61
Digital Banking,3/4/2021,7,7,10,7,7,7,7,7,7,CB ,Deposits,63
Digital Banking,3/3/2021,7,7,10,7,7,7,7,7,7,CB ,Deposits,53
Digital Banking,3/4/2021,4,5,7,6,5,3,7,6,6,CB ,Loans,58
Digital Banking,3/6/2021,5,5,9,5,3,4,6,5,7,PB ,Deposits,55
Digital Banking,3/2/2021,7,5,8,6,5,6,6,5,6,CB ,Deposits,44
Digital Banking,3/5/2021,7,7,9,6,6,7,6,5,7,CB ,Loans,40
Digital Banking,3/6/2021,6,6,8,6,5,5,5,6,7,BB ,Loans,76
Digital Banking,3/3/2021,7,7,10,7,7,7,7,7,7,CB ,Loans,55
Digital Banking,3/5/2021,4,7,5,7,7,7,7,7,7,CB ,Loans,62
Digital Banking,3/10/2021,6,6,10,6,6,6,5,6,7,CB ,Deposits,53
Digital Banking,3/9/2021,7,7,10,7,5,6,6,6,6,CB ,Deposits,63
Digital Banking,3/8/2021,6,5,7,5,5,5,5,5,6,CB ,Deposits,68
Digital Banking,3/9/2021,7,7,10,7,7,7,7,7,7,CB ,Deposits,58
Digital Banking,3/9/2021,7,7,10,7,7,7,7,7,7,PB ,Deposits,64
Digital Banking,3/9/2021,7,7,10,7,7,7,7,7,7,CB ,Deposits,63
Digital Banking,3/8/2021,7,7,10,7,7,7,7,7,7,CB ,Deposits,55
Digital Banking,3/10/2021,7,7,10,7,6,5,6,6,7,CB ,Deposits,77
Digital Banking,3/10/2021,5,5,7,6,6,5,5,5,5,CB ,Deposits,62
Digital Banking,3/10/2021,7,7,10,7,7,7,7,7,7,CB ,Loans,63
Digital Banking,3/10/2021,7,7,10,7,7,6,5,7,7,CB ,Loans,71
Digital Banking,3/10/2021,7,7,10,7,7,7,7,7,7,BB ,Deposits,62
Digital Banking,3/9/2021,6,7,8,7,6,6,7,6,7,CB ,Deposits,68
Digital Banking,3/10/2021,7,1,8,7,7,7,2,2,7,BB ,Loans,81
Digital Banking,3/10/2021,7,4,5,6,7,7,7,7,6,CB ,Loans,58
Digital Banking,3/9/2021,7,7,10,7,7,7,7,7,7,CB ,Deposits,58
Digital Banking,3/9/2021,7,6,8,6,6,5,6,6,5,CB ,Deposits,85
Digital Banking,3/10/2021,7,7,10,7,7,7,6,7,7,CB ,Loans,72
Digital Banking,3/9/2021,2,5,7,1,6,3,4,4,4,CB ,Deposits,27
Digital Banking,3/10/2021,4,5,4,4,4,4,5,4,5,CB ,Deposits,67
Digital Banking,3/10/2021,6,7,5,7,7,3,7,7,7,CB ,Deposits,36
Digital Banking,3/11/2021,7,7,7,7,7,3,7,7,7,CB ,Deposits,38
Digital Banking,3/9/2021,7,7,10,7,7,6,7,7,7,CB ,Deposits,67
Digital Banking,3/9/2021,2,2,1,3,2,3,2,3,2,CB ,Loans,48
Digital Banking,3/12/2021,2,2,1,4,1,2,1,1,4,CB ,Deposits,58
Digital Banking,3/9/2021,7,7,10,7,7,7,7,7,7,CB ,Deposits,74
Digital Banking,3/10/2021,7,4,5,7,6,2,4,5,7,CB ,Deposits,28
Digital Banking,3/9/2021,7,6,8,6,6,6,6,6,6,PB ,Loans,74
Digital Banking,3/10/2021,5,5,8,7,7,6,7,7,7,CB ,Deposits,30
Digital Banking,3/9/2021,7,7,10,7,7,6,7,7,7,CB ,Deposits,41
Digital Banking,3/10/2021,7,7,10,7,7,7,7,7,7,CB ,Deposits,31
Digital Banking,3/11/2021,7,7,10,7,5,7,6,6,7,CB ,Loans,52
Digital Banking,3/11/2021,3,6,8,4,7,3,6,6,7,CB ,Deposits,19
Digital Banking,3/11/2021,5,3,2,6,5,2,3,4,4,CB ,Deposits,21
Digital Banking,3/11/2021,1,1,1,1,1,1,1,1,1,CB ,Loans,46
Digital Banking,3/15/2021,6,6,9,7,7,6,6,7,6,CB ,Deposits,70
Digital Banking,3/15/2021,6,6,10,6,6,5,6,6,7,CB ,Deposits,49
Digital Banking,3/18/2021,6,7,10,7,7,7,7,7,7,CB ,Deposits,51
Digital Banking,3/18/2021,7,7,10,7,7,7,7,7,7,CB ,Deposits,60
Digital Banking,3/18/2021,7,7,10,7,7,7,7,7,7,CB ,Deposits,68
Digital Banking,3/19/2021,7,7,10,6,6,6,6,6,7,CB ,Deposits,67
Digital Banking,3/19/2021,7,7,10,6,7,5,6,5,6,CB ,Deposits,70
Digital Banking,3/20/2021,7,7,10,7,7,6,7,7,7,CB ,Deposits,74
Digital Banking,3/22/2021,4,6,8,4,4,4,4,4,4,CB ,Deposits,31
Digital Banking,3/22/2021,6,7,10,7,7,7,7,7,7,CB ,Deposits,75
Digital Banking,3/23/2021,7,7,10,7,7,7,7,7,7,CB ,Deposits,61
Digital Banking,3/24/2021,6,7,10,7,6,5,6,7,7,PB ,Deposits,62
Digital Banking,3/24/2021,7,7,10,7,6,6,6,7,7,CB ,Loans,84
Digital Banking,3/25/2021,6,6,5,7,6,6,6,7,7,BB ,Deposits,48
Digital Banking,3/24/2021,6,6,8,6,6,6,6,6,6,CB ,Deposits,56
Digital Banking,3/24/2021,7,7,10,7,7,7,7,7,7,CB ,Loans,33
Digital Banking,3/26/2021,7,7,10,7,7,7,7,7,7,CB ,Deposits,64
Digital Banking,3/26/2021,4,6,10,4,7,4,7,6,7,CB ,Deposits,58
Digital Banking,3/25/2021,5,6,10,5,6,4,4,6,7,CB ,Deposits,59
Digital Banking,3/26/2021,7,7,10,7,7,7,7,7,7,CB ,Loans,71
Digital Banking,3/26/2021,7,7,10,7,7,6,6,7,7,CB ,Deposits,72
Digital Banking,3/27/2021,6,6,9,6,6,6,6,6,6,CB ,Deposits,65
Digital Banking,3/27/2021,7,7,10,7,7,6,7,7,7,CB ,Deposits,73
Digital Banking,3/30/2021,7,7,10,7,7,7,7,7,7,CB ,Deposits,67
Digital Banking,3/26/2021,5,7,10,7,7,7,7,7,7,CB ,Deposits,59
Digital Banking,3/29/2021,7,6,8,7,7,7,7,7,7,CB ,Deposits,73
Digital Banking,3/29/2021,7,7,10,7,7,7,7,7,7,CB ,Deposits,71
Digital Banking,3/29/2021,7,7,10,7,7,7,7,7,7,CB ,Deposits,54
Digital Banking,3/30/2021,5,5,5,5,6,5,6,5,5,CB ,Deposits,65
Digital Banking,3/31/2021,7,7,10,7,7,4,7,7,7,BB ,Deposits,59
Digital Banking,3/31/2021,6,7,10,7,7,7,6,6,6,CB ,Deposits,87
